10 0.001
55.499 3.088 5.858 -8.125 8.185 1.701 -7.359 -7.289 -7.302 3.778 -6.871 
-1.747 52.197 -3.375 7.555 -4.863 -4.437 -1.472 -3.316 -9.184 4.84 -4.314 
-7.365 -4.138 62.913 -3.18 5.592 -8.078 9.153 3.427 -5.82 -9.073 5.891 
5.852 9.191 -3.73 56.948 -9.72 -4.289 1.872 -6.138 -6.582 5.397 -3.737 
-1.758 5.322 0.964 -4.721 44.253 6.704 -8.482 1.139 -6.213 7.195 9.622 
6.63 -7.041 6.134 -5.341 -2.486 62.989 6.731 -3.164 5.017 -9.731 -2.878 
9.73 -4.748 7.904 -8.184 5.481 -8.482 81.39 -9.685 -7.84 -4.669 -4.786 
3.838 1.475 -0.366 -4.843 0.056 1.084 -7.907 50.853 -9.557 8.128 7.831 
-6.785 -0.877 8.186 -9.78 6.67 6.881 2.895 -9.742 68.437 -1.625 3.912 
-0.044 9.269 -4.544 -8.84 8.867 3.229 9.516 3.767 8.421 63.938 -1.384 
