100 0.001
514.053 5.922 5.145 9.024 1.286 -6.231 -6.926 -9.84 -9.047 -4.685 2.698 -1.004 -6.517 -8.02 -4.821 -1.226 0.683 -8.152 6.029 -3.212 -9.942 -2.419 5.537 2.584 -1.044 -3.64 -8.69 5.008 6.867 -4.77 -0.66 -4.595 8.49 -6.768 8.772 -4.931 4.233 0.287 -0.041 -3.541 4.534 2.065 5.387 -0.247 -0.287 9.909 8.721 -0.999 8.025 5.397 -1.526 5.406 1.18 -9.786 9.706 9.236 -1.227 3.769 9.675 -3.641 0.928 -6.668 1.512 -9.367 -8.097 -5.526 -6.249 9.14 -3.512 3.186 -7.048 -6.315 5.731 -4.681 1.665 -0.936 8.872 -6.185 4.633 -3.782 -5.702 -0.275 2.396 6.774 -6.056 9.084 3.363 4.311 2.749 -5.505 -7.074 -2.686 7.616 -2.409 1.345 8.911 8.781 -3.425 -9.116 9.302 -9.416 
-2.884 506.739 -1.667 -9.859 9.264 -3.193 3.29 3.925 0.173 -9.052 8.754 -9.661 -2.303 -8.528 6.829 1.279 6.246 0.455 -2.377 4.998 -0.285 -2.507 -9.499 -1.561 -4.828 4.953 0.449 -9.341 0.471 -2.985 -8.305 1.542 8.318 3.751 5.432 4.237 4.359 8.524 -1.163 -5.367 7.511 4.684 -1.49 -3.358 6.989 5.823 -6.923 8.213 2.427 -7.219 -3.131 -0.299 -9.027 -9.842 9.44 -6.388 -1.611 -4.757 -5.847 2.696 -0.02 -6.919 3.124 2.021 1.532 2.833 5.537 -0.153 -9.503 -7.379 -8.333 -7.982 3.281 -7.27 5.905 -4.921 5.767 -9.65 8.675 -5.6 -8.892 2.944 -0.691 -4.613 1.343 1.913 9.818 8.165 -2.494 -6.64 2.921 9.141 -3.275 -1.394 -3.21 6.467 4.139 -6.508 -6.315 -9.358 -7.479 
9.954 -3.631 505.179 2.026 -9.128 -2.722 -2.416 3.233 5.347 1.22 2.425 8.232 -7.275 -9.411 -4.4 7.416 -3.217 -0.504 7.195 -9.685 -9.574 -2.417 5.545 0.96 8.72 -1.08 -5.771 -9.204 7.559 -6.382 -4.505 4.158 -9.37 9.697 1.271 -6.016 -1.708 -6.801 -5.769 8.766 8.541 5.69 -1.754 -4.361 2.476 -0.012 -9.919 9.085 -5.515 7.361 -7.655 -0.12 0.852 -7.614 -8.528 4.726 -0.468 5.314 3.901 3.439 -1.406 5.99 8.634 -2.39 1.125 8.259 -4.97 -7.68 -9.635 -0.725 0.906 -9.186 0.419 4.233 -2.026 0.953 5.106 -6.193 -0.893 1.804 -9.682 8.898 -4.892 8.92 -6.246 5.337 -2.584 7.663 -0.074 -0.247 7.561 -4.676 8.099 7.086 -5.776 4.88 6.104 0.077 -5.6 -4.117 3.968 
6.396 -8.729 7.843 497.232 9.347 -7.163 6.962 2.203 6.412 2.629 4.153 -1.356 6.957 -7.272 3.923 -8.71 -3.164 1.664 1.174 -4.226 -4.772 -7.858 8.362 5.242 1.552 1.813 -0.796 7.458 -3.408 -3.51 -6.979 3.856 -1.752 -6.486 -4.636 3.879 4.239 1.909 7.804 4.666 1.567 5.5 2.579 -6.447 5.728 -4.647 6.249 8.805 -8.588 -1.293 -9.396 2.621 -9.168 -7.042 8.769 9.699 5.831 -4.634 -0.224 -5.49 5.583 1.757 -4.149 -9.1 2.95 -9.137 3.211 -1.215 -0.539 -5.175 9.422 4.409 1.407 0.941 -1.859 3.02 -2.323 -5.064 5.584 5.802 -6.27 1.817 -7.907 6.51 -4.486 6.792 6.914 7.493 -7.878 5.811 -5.381 -0.334 -3.33 2.931 7.55 -3.54 -8.898 0.039 -9.72 -2.091 2.56 
9.245 7.766 -3.545 0.772 483.517 3.895 4.528 -5.962 -8.395 -9.803 -5.049 1.022 -8.45 -3.097 -4.071 -5.801 4.716 5.353 4.267 -6.058 4.721 -6.798 6.018 7.722 -2.653 6.508 7.593 -0.384 2.119 6.248 2.621 -1.499 -1.044 8.584 2.349 7.817 -8.938 0.509 -4.474 -5.025 -1.32 5.552 -2.514 -5.689 7.412 -2.225 -2.456 -6.148 9.527 -3.407 -1.192 -6.714 -3.003 -0.244 5.212 -1.865 -9.037 7.356 6.779 -6.517 3.919 -4.177 6.071 -0.496 8.107 -2.38 -3.731 -9.396 6.436 9.688 4.484 0.15 -9.273 -8.285 -7.321 -6.414 6.123 3.884 2.941 -5.874 0.25 -6.989 3.916 7.305 1.027 5.848 0.809 -6.697 -2.021 8.802 -7.343 -0.701 -1.496 4.446 -2.526 8.001 -7.271 -3.068 -1.642 3.081 8.45 
-8.16 -2.616 -8.921 -9.529 3.474 564.906 2.628 2.042 -4.881 9.678 -1.551 1.777 3.318 -8.395 -9.207 -7.603 -1.114 -2.683 4.198 -7.725 4.04 1.95 9.313 -0.505 5.334 -2.928 8.948 -0.721 -1.844 9.316 3.003 0.646 -8.301 -9.754 -2.65 -3.821 -7.903 -1.961 5.862 -2.619 5.789 3.027 4.466 7.332 5.218 1.146 -8.581 -7.753 -5.407 -7.94 9.008 3.979 4.734 -7.993 8.395 6.676 -7.101 5.324 -8.401 -7.491 6.016 -6.791 2.38 -6.261 3.892 -6.611 1.293 -8.578 -7.272 0.222 9.235 4.626 8.683 -8.858 -1.47 -1.716 -3.771 2.442 -9.089 -7.321 6.704 -4.962 7.745 -6.965 -1.286 9.18 9.394 3.8 -6.044 5.979 -2.165 8.959 9.539 -6.806 -0.511 7.062 -8.976 -7.118 -6.331 7.649 9.181 
6.121 4.363 -2.154 -2.981 6.872 -0.704 499.385 -9.224 -3.112 2.935 -2.834 2.212 -0.941 -5.369 -9.7 -9.218 5.538 -0.455 -6.362 0.954 -4.257 -0.155 -5.007 1.953 7.099 -9.78 0.523 -8.463 -5.895 -9.18 -2.425 -8.835 -9.651 4.31 -9.054 6.264 -7.161 7.986 2.611 -7.598 -1.67 6.737 -4.349 -4.169 -2.728 -1.839 9.33 5.176 -7.373 -2.765 -5.782 -0.058 -2.04 -5.338 -6.259 -8.886 2.083 0.431 -8.309 -0.754 5.962 -7.949 -5.987 6.27 1.686 5.584 -2.434 8.677 -6.991 -3.177 -1.433 -8.247 -7.69 -0.195 9.106 -2.737 9.748 0.375 1.34 -9.76 -2.98 3.598 5.917 4.492 0.28 5.573 -6.331 0.966 -5.352 2.548 7.757 8.31 -3.806 3.259 7.256 -9.251 -3.669 -6.028 -7.49 4.83 -1.7 
7.653 3.649 -4.268 -7.622 -3.697 4.826 -0.751 461.658 2.735 -3.177 8.627 2.547 2.7 -2.903 5.273 -3.195 -4.392 -4.837 2.582 -5.924 -7.072 -6.224 0.216 -2.196 -3.6 2.294 2.402 -3.799 -5.896 -2.344 0.085 5.407 -7.604 -9.496 2.074 -3.267 7.395 -3.376 -8.695 -1.526 0.972 -2.803 -1.106 -6.059 3.075 -4.727 -9.105 -0.952 -5.236 0.429 -9.514 -4.806 -5.564 -1.239 -8.239 -3.863 -6.449 -8.876 0.419 1.205 7.495 9.022 1.306 -8.62 2.286 4.532 3.121 -0.295 8.459 -1.625 6.571 -7.078 -0.274 -1.48 3.79 -2.641 -4.098 -9.364 4.104 8.843 7.138 -8.73 -5.985 3.771 9.593 4.79 -2.25 -3.557 -8.497 -4.052 8.801 6.4 -7.05 1.318 -7.412 8.736 2.695 -5.047 -4.291 0.206 -8.947 
-1.802 4.466 9.074 1.29 -8.198 0.867 -8.815 -7.005 521.873 -7.019 0.958 -0.326 9.116 -4.608 -2.161 7.129 -1.85 -9.717 -3.592 4.918 -5.655 8.947 -0.839 4.037 -6.649 7.601 8.81 0.204 -6.545 -8.257 6.762 -5.323 -5.812 -1.214 0.668 2.803 -3.086 -5.209 -4.124 -0.578 2.788 -2.106 -6.9 9.826 6.266 8.369 -2.206 -4.89 -9.159 3.244 5.46 1.587 7.723 2.026 1.543 5.356 -2.078 9.315 4.556 5.142 3.504 9.942 6.753 -0.771 4.762 -7.216 7.909 5.607 -3.396 -9.519 -5.321 8.345 -0.303 4.054 -9.481 -2.19 9.711 -6.232 9.309 -2.529 1.478 0.578 9.564 -4.134 3.964 -3.896 5.535 8.72 6.652 3.328 6.519 3.253 8.263 5.062 6.324 4.402 -5.276 2.726 -8.874 -9.035 -5.174 
-4.155 -1.38 9.289 5.364 -3.333 -3.686 1.703 -9.576 0.516 521.31 -1.648 -2.15 1.014 -0.019 7.945 5.203 -5.096 -5.579 2.025 9.095 -7.121 3.86 -7.86 -0.481 -5.547 6.471 0.82 -2.614 7.748 -2.694 -9.998 5.325 1.977 -6.379 2.72 -6.447 2.928 4.345 -8.261 4.962 -0.122 4.284 -7.743 -3.419 6.17 9.431 4.879 -1.827 5.038 6.182 9.776 2.969 -2.674 4.326 -6.721 -9.596 8.353 1.319 -5.894 -3.807 7.484 3.687 8.007 -8.756 5.83 -9.682 6.828 7.573 5.034 1.928 -9.201 -3.182 -6.758 1.212 1.35 4.894 3.132 8.943 -4.198 -5.041 1.258 2.742 4.999 -9.902 7.995 7.266 0.307 -3.001 -6.983 7.269 7.309 -7.625 -7.505 -1.753 0.162 5.002 -8.89 -6.64 -7.257 7.989 4.501 
-9.415 8.255 5.89 3.133 1.019 3.157 4.418 3.432 -1.937 7.871 533.975 -5.57 3.263 1.315 -8.614 2.751 -5.94 -6.695 5.776 -7.084 7.19 1.102 2.573 -8.336 6.217 -0.371 -1.724 -5.843 9.504 -3.621 -4.954 -5.797 7.759 -0.614 9.586 -9.223 -1.26 -5.372 4.638 -6.047 -9.187 7.855 7.659 4.756 -3.272 -4.961 1.291 -4.485 -5.666 5.552 5.843 9.959 -8.093 -7.37 5.314 -4.388 2.342 6.802 -4.658 -5.039 2.667 -0.276 -5.982 -3.584 -6.82 8.191 -5.369 1.27 -6.056 1.099 -6.832 -1.334 5.49 -4.242 -7.182 -3.012 -4.747 4.162 -7.279 -2.836 -8.386 -5.274 8.868 -8.969 -6.619 -9.551 -8.703 6.221 -5.883 -9.39 -6.325 -2.049 -2.076 -0.196 -1.178 7.637 6.145 -4.462 6.911 8.462 2.88 
-8.17 -1.216 1.31 -1.395 5.616 5.734 -7.488 7.952 0.833 3.381 3.815 583.708 6.485 -7.466 4.656 -5.575 -5.746 -7.469 -5.484 6.327 8.799 -0.689 9.709 7.594 8.346 8.604 -6.376 -4.796 9.948 8.265 8.48 7.755 -2.434 9.537 5.754 -9.138 -9.483 -6.476 -2.892 8.94 4.851 -3.866 -1.977 -8.329 -9.131 2.471 -7.737 8.944 -3.746 9.95 6.899 4.179 6.193 8.314 -5.179 2.657 9.384 -5.682 -5.5 8.891 -8.046 8.979 -4.783 -5.001 -9.888 -3.875 0.056 0.707 -3.284 -7.603 8.684 -5.183 -3.004 -9.116 -2.77 7.851 4.281 -6.725 -6.414 -3.941 -2.128 -1.291 -7.001 -1.885 -7.906 -8.593 -8.971 -2.461 8.063 3.75 8.81 6.246 -2.123 6.628 8.972 -2.35 4.676 -5.323 9.695 1.302 -8.559 
-0.96 5.333 -3.589 8.789 -7.928 -2.185 -6.381 -0.357 -0.778 -6.37 -6.633 7.324 498.721 -0.422 9.294 1.286 0.688 7.162 6.273 -5.452 -8.024 9.884 6.457 5.291 1.901 -0.156 9.613 -1.792 -0.122 7.061 -1.748 3.554 -1.759 4.184 8.084 -6.085 -2.428 9.105 9.974 1.369 0.344 -1.524 -9.142 1.048 8.072 -3.731 -2.052 -9.014 -0.647 3.221 3.086 2.745 -5.949 5.405 -7.73 2.434 2.287 3.115 9.101 7.574 -3.97 -5.082 0.344 -8.325 5.735 -4.088 6.779 -4.561 -5.13 4.132 -6.826 -8.826 1.069 -5.489 -2.498 -4.67 -5.731 -4.078 1.365 -7.043 9.394 -6.421 1.186 7.467 3.953 -3.588 -7.214 -0.758 9.418 -2.955 -9.183 7.431 9.283 -9.401 8.846 0.716 6.464 7.796 5.956 -5.141 -2.028 
1.342 7.539 -4.185 5.895 9.664 -5.727 -0.393 -4.927 -3.181 3.148 -1.397 6.657 -1.708 484.108 -1.295 4.535 0.414 -4.049 -6.564 -5.092 -1.389 7.194 6.967 -0.11 -3.878 8.97 -8.023 -3.25 -8.297 -1.799 5.477 -0.485 5.438 -7.463 -8.331 -4.825 8.098 -5.91 -7.493 -7.173 -8.659 -9.909 3.815 0.834 3.589 1.681 -2.329 -5.553 -0.441 -7.822 0.212 -5.689 -9.816 6.987 8.093 4.908 -5.927 -1.273 6.546 1.216 1.655 -6.777 -2.676 1.721 8.819 -5.333 -4.251 6.432 -1.878 -8.44 -7.307 9.628 2.526 8.979 -0.484 -1.163 -0.853 -2.757 1.798 3.882 8.664 -7.741 1.201 2.842 -0.236 8.609 3.843 5.369 -2.563 -7.144 -1.724 -1.944 8.924 -8.374 -3.473 -8.596 -8.218 -3.32 7.564 -6.578 -5.208 
-5.821 -8.969 4.329 0.753 -8.542 7.14 6.351 5.883 -2.15 -1.339 7.269 -4.426 8.311 8.715 533.897 -8.516 3.06 4.858 -7.911 -3.613 -4.781 4.452 -8.974 -3.742 -4.089 8.118 1.122 8.419 -3.616 -7.275 -6.923 -4.843 -6.741 -3.531 -2.128 -3.821 -4.728 0.353 -2.673 7.789 7.65 -7.295 8.059 -8.117 -6.239 -3.59 3.535 -6.378 2.736 2.098 8.343 3.094 6.488 4.794 3.802 -6.677 9.856 6.408 4.675 4.645 3.597 1.886 3.039 3.792 1.493 -6.976 7.237 4.933 0.082 -9.378 -8.634 -0.518 2.316 -6.943 -6.087 1.657 -5.051 7.323 2.892 -2.427 3.499 7.22 -0.747 7.076 8.372 2.581 0.348 9.586 -8.971 3.321 -9.125 7.871 -9.925 2.56 -9.994 7.01 3.699 -5.806 0.273 9.683 -2.881 
-3.651 -6.476 1.501 9.902 -0.044 1.41 4.313 5.407 -9.062 1.387 -9.899 3.036 3.911 -0.659 -4.555 481.222 -5.062 -5.418 -7.875 -9.065 -6.696 -3.804 8.537 8.661 -0.255 6.282 0.938 3.668 -5.607 5.17 -6.67 9.947 -4.825 3.225 -2.371 -8.413 0.611 -5.968 4.195 7.818 -0.332 -5.429 -3.091 -8.7 -4.246 9.383 -3.317 6.376 -8.046 7.824 -7.392 -6.131 0.237 -3.866 0.914 -0.502 8.644 -0.611 -1.499 4.087 7.378 2.291 9.997 5.512 -2.813 -7.651 5.135 4.639 1.648 4.12 6.702 0.559 -1.346 -0.958 -1.612 3.987 -4.145 -8.229 -3.423 -8.04 -0.194 -8.995 -9.554 -8.187 9.201 0.447 0.709 -2.073 -1.116 3.875 -1.096 -9.176 -6.826 -2.82 6.347 4.942 -5.404 9.823 -5.296 -1.217 -2.763 
-1.425 -0.877 -7.272 -4.911 4.597 -0.443 -8.765 -2.274 1.242 -7.072 9.86 5.21 -1.153 7.036 6.52 -9.022 539.296 -6.507 -1.386 5.512 -0.133 -9.255 2.698 5.291 8.166 3.968 3.907 9.442 -7.494 -3.032 -8.006 -9.393 -8.955 -5.857 4.653 -7.673 1.671 4.224 -1.845 -8.296 9.538 1.726 0.368 -6.878 8.004 -3.085 -8.131 6.481 3.61 -9.425 7.128 -8.252 -2.688 5.98 9.632 0.478 1.411 -2.777 -7.655 -5.423 4.438 -9.622 8.038 -7.276 -5.299 2.029 2.799 5.654 -2.691 -1.77 -9.58 -7.02 9.174 6.273 5.386 6.227 -8.171 -8.549 7.822 -4.544 2.861 1.527 5.042 -9.829 -6.659 2.699 1.23 -0.92 -9.175 2.634 9.283 7.883 5.36 -1.541 -2.962 9.406 -0.648 0.618 -6.18 -3.789 -8.732 
-7.319 2.228 -2.17 -3.147 8.707 -2.977 -0.311 -4.212 -5.595 -6.021 1.543 4.828 9.47 -8.037 9.234 4.871 -5.885 485.111 3.552 -9.181 2.664 6.002 -6.665 -6.068 -2.735 -1.232 -1.11 9.816 0.331 -2.664 -9.154 -2.035 -1.265 -6.898 9.265 -1.984 2.783 -3.773 -6.85 -2.268 8.646 8.533 1.477 8.225 -5.806 0.358 3.432 -6.956 -4.919 3.797 -2.256 -0.519 0.43 -0.723 8.864 -7.18 -4.358 -2.38 1.154 -2.755 3.581 5.522 -8.627 0.729 -5.177 8.823 4.431 5.466 -7.349 -5.018 7.711 0.272 9.127 3.842 -4.764 -3.126 -5.15 4.096 -5.476 8.107 6.894 1.745 -3.818 -7.199 -3.055 -3.548 -0.871 9.459 -5.205 -8.192 2.793 8.883 -8.869 -3.627 1.698 -5.561 7.936 3.755 7.589 7.959 4.86 
-0.455 -0.899 5.531 -4.295 3.51 6.488 -0.908 -4.115 9.24 0.063 -0.907 9.94 4.883 5.832 4.422 -5.617 7.229 -3.475 482.753 -8.461 9.129 4.715 9.528 5.563 -5.324 -1.494 -0.889 9.99 7.417 -5.803 1.394 6.079 -2.765 5.131 -6.803 8.823 -2.531 1.481 1.779 -4.145 -4.564 1.797 3.789 -6.631 -3.282 -6.103 9.352 -7.257 6.415 -9.951 1.755 -8.283 -0.979 -0.63 1.981 -5.208 2.661 8.983 1.735 8.932 3.129 4.721 -1.397 -7.304 -1.488 -7.984 -7.331 -0.368 6.126 -1.887 5.142 0.015 0.083 7.848 -3.531 8.996 0.022 6.982 -6.077 -6.267 -0.666 -0.561 6.787 -2.728 -5.274 7.773 -8.959 2.744 -2.011 -0.165 4.843 7.873 -4.414 8.809 -8.876 6.828 -8.002 8.672 -5.752 4.14 8.7 
3.965 -6.288 -7.745 -1.826 1.793 4.842 -7.793 9.129 2.452 6.784 2.264 2.495 -3.852 -6.506 -3.234 -4.218 6.268 1.041 -1.531 476.516 1.421 1.583 3.408 6.366 0.808 9.848 3.938 -3.207 7.538 -9.246 -8.021 -5.58 -4.241 -9.916 -8.882 6.928 4.398 4.066 -1.62 2.831 -7.194 -1.734 -5.646 5.438 -8.258 1.366 3.789 -4.159 -3.083 -4.795 -2.129 -9.297 1.706 -1.115 4.088 -5.177 -9.352 1.8 9.941 -6.624 -3.994 -1.886 -7.313 4.141 -4.062 -6.477 -1.081 -3.778 4.697 -5.948 -5.049 -1.571 -7.166 6.195 -8.141 7.918 -1.52 -2.108 -2.569 7.618 9.605 -9.391 1.413 9.635 -8.512 -5.759 0.107 1.029 3.7 -1.399 -8.281 -1.767 -3.478 -2.076 4.841 -3.122 -2.007 8.127 -1.03 -5.103 -0.32 
-1.752 8.503 1.784 -0.058 7.382 -6.958 6.334 1.435 -7.818 3.649 -9.006 3.44 6.253 4.314 -4.592 4.332 -9.956 -1.856 7.015 -5.751 500.267 6.518 3.919 2.785 -7.882 -9.715 -1.327 -8.842 -1.357 2.296 8.716 6.44 -1.868 7.269 -3.262 4.937 -5.89 2.389 -2.618 2.043 -9.751 -0.011 -4.541 -3.349 6.973 -7.692 5.261 9.642 4.694 7.538 0.56 8.034 -4.606 6.242 0.538 -0.974 5.22 -2.273 8.153 -8.499 -2.647 -2.969 4.35 -3.545 -3.393 -5.028 4.03 -7.624 -4.945 -3.967 -2.134 -3.216 1.416 -8.148 -2.227 0.922 6.066 1.716 -6.704 1.04 8.176 5.681 -8.855 -3.261 -8.129 0.796 -9.22 4.539 4.231 6.426 5.218 -6.88 -0.453 -9.247 8.11 5.621 -8.563 7.283 -4.321 -6.067 -2.713 
-4.764 -9.921 7.913 -5.747 -9.226 0.615 9.433 7.434 -9.483 -8.643 4.05 -3.959 -8.651 -8.15 1.761 -3.535 0.659 -8.394 5.989 0.606 -2.568 542.286 -7.303 6.922 -8.697 -6.339 4.757 9.69 -9.194 1.459 -8.82 4.085 0.206 -0.967 -5.727 7.66 8.047 4.73 6.861 -7.574 9.984 -8.023 6.429 5.976 3.448 1.763 3.363 -5.047 2.351 -5.264 -3.558 9.635 6.317 7.173 -9.719 4.574 0.816 4.011 -3.315 -3.105 2.07 -8.303 -5.359 1.281 -6.199 3.764 2.199 8.631 -8.404 2.867 -2.483 -6.005 -4.886 -5.589 -3.909 8.631 8.337 -1.008 6.508 -9.1 3.743 3.494 8.013 1.174 -2.47 4.042 -0.224 7.095 9.92 7.904 3.938 -2.792 7.085 -4.017 2.357 3.387 -0.59 2.742 -9.571 5.463 4.524 
0.436 -4.949 -7.02 -3.117 1.596 9.83 -0.544 -7.625 4.295 -5.597 2.988 0.333 1.966 -0.682 -3.964 -7.031 -4.354 -4.012 -5.934 -6.55 3.446 1.94 453.608 -5.043 0.029 -1.766 -0.163 -6.886 -0.408 -1.164 8.702 -6.686 -9.994 0.381 -7.386 -4.089 5.395 -0.029 1.721 4.279 9.835 -1.467 8.053 3.428 -4.232 7.742 6.284 0.167 -2.673 9.641 -8.307 -0.279 0.961 -0.198 -2.822 -1.732 3.608 -2.736 -0.651 -3.961 2.082 7.455 7.452 1.415 -3.538 -2.081 8.306 2.889 -5.054 -9.077 -4.558 -7.19 -2.017 -8.143 1.269 -5.493 -4.55 -2.156 -2.614 -7.33 -7.779 7.1 -9.982 -4.171 4.675 -3.706 -4.89 9.28 3.539 -9.45 -9.271 7.021 -3.09 -1.303 -6.782 2.031 -8.633 5.013 7.907 5.669 -1.174 
5.255 -0.98 -7.92 -4.044 8.885 -8.318 -7.027 1.89 -6.711 -3.21 3.68 -3.165 -4.151 5.011 3.828 -1.897 -9.644 -5.217 -6.005 6.812 7.329 -8.76 9.576 519.708 0.244 2.097 -1.893 -0.301 6.128 -4.856 7.845 6.444 -5.953 -0.887 -4.308 7.946 -4.384 7.283 8.59 -8.837 7.952 1.574 3.993 -9.488 -8.624 -6.288 -7.672 2.495 -8.29 -0.305 7.118 -1.56 0.116 3.883 -3.073 0.787 2.249 9.885 7.376 -3.034 2.84 -3.17 1.159 4.147 1.877 1.649 9.346 7.996 4.195 -9.311 -1.791 -0.901 5.522 7.26 -7.621 1.763 -5.023 5.662 -2.642 -8.287 6.48 6.775 -7.747 -8.488 -0.275 -4.521 -2.975 -4.454 -4.896 5.966 -2.337 -9.97 6.377 7.445 -2.617 -2.285 9.908 9.759 -7.733 -8.151 -0.078 
5.758 9.438 5.512 -1.261 -2.028 9.952 7.017 0.965 -7.006 -7.632 6.913 1.324 0.192 0.814 3.511 2.226 4.004 -2.958 4.505 -0.839 0.745 -3.402 1.836 -3.505 465.207 -5.22 9.328 8.342 9.12 8.339 0.218 -4.334 0.547 9.369 -7.027 4.003 7.811 8.95 0.649 0.175 -1.186 -0.162 1.621 0.894 -7.591 9.861 7.596 1.328 7.939 -9.323 -1.349 7.502 -7.832 -9.858 4.378 -7.146 -7.999 -9.189 -4.722 -3.717 1.748 1.914 9.173 -3.271 -0.369 7.668 -6.33 -2.39 -0.174 0.897 -2.383 -6.62 3.516 7.655 -7.993 9.999 -4.703 -4.087 3.927 -8.674 -0.293 -0.609 5.921 4.186 6.743 -3.832 -2.474 -3.655 -5.059 1.008 5.779 3.648 5.905 0.153 -2.902 5.241 -4.826 -2.15 -5.738 9.139 0.829 
9.051 -5.715 -6.474 1.907 -6.311 -0.184 -0.591 -0.002 2.318 -2.572 0.849 9.309 -2.455 8.535 -0.969 -6.516 -3.529 -5.673 7.111 -2.805 5.654 -6.098 -6.997 6.286 5.076 476.225 6.811 6.309 7.473 -3.356 9.499 -8.801 1.275 -0.704 6.617 0.631 2.929 -7.105 3.697 1.929 -2.493 1.841 -1.563 0.381 -4.715 1.952 8.828 0.47 -3.633 3.27 6.123 9.716 -4.541 -8.892 -3.158 -3.285 -5.488 -7.927 -0.986 5.464 2.27 5.115 4.375 9.13 6.601 -8.406 -9.483 -1.796 8.055 -7.134 4.745 0.324 1.204 -0.893 4.932 2.03 4.109 8.877 -8.34 6.349 5.638 -4.658 0.726 -5.669 5.403 -7.859 5.352 3.532 1.684 9.557 3.452 -8.095 -0.96 9.932 -3.16 1.706 -0.863 -9.771 6.525 -5.26 5.891 
-8.985 -2.37 -0.857 -3.569 3.052 -6.203 9.864 2.746 -5.735 7.452 4.273 9.988 -3.077 4.109 -5.723 3.887 -2.667 2.038 -2.706 -6.517 6.357 9.533 9.763 5.325 9.11 -6.02 481.113 4.189 -1.875 -9.515 3.178 6.649 2.077 -9.867 -6.869 -0.987 -4.365 -9.017 1.958 -3.055 -4.915 8.495 7.13 -9.484 9.081 6.32 -6.618 5.458 4.188 3.264 -8.982 -0.887 0.885 -2.291 3.189 -2.172 -2.775 6.895 1.025 -8.505 4.599 5.211 3.004 -9.517 -7.145 2.987 8.102 0.382 0.496 -4.705 1.028 0.771 9.754 8.842 -7.765 5.676 -3.952 4.336 -4.55 -4.606 -3.331 -8.509 1.059 2.077 4.482 4.397 -4.986 4.737 -0.966 6.053 -0.245 3.271 -0.364 2.608 -3.773 -4.33 2.859 -9.77 4.165 -2.27 -9.7 
-8.377 0.386 1.584 -6.223 -5.913 -3.76 2.262 4.518 8.571 3.87 -3.394 6.766 8.696 -3.792 1.245 4.309 3.057 -2.431 7.185 -4.512 -8.945 -7.166 -5.048 -0.314 -2.097 -8.157 -9.572 508.329 -6.345 -7.763 -2.582 3.017 -0.126 4.773 -2.944 -9.226 1.951 6.59 3.868 8.116 -4.879 9.906 -6.346 -7.573 -2.167 -3.631 9.284 2.048 7.432 -9.483 7.113 -3.569 -9.999 9.775 8.899 1.158 8.711 -7.039 -8.035 3.564 3.186 -5.59 3.793 7.671 -3.827 -3.301 6.306 -9.235 3.167 1.294 -0.172 8.162 -4.311 3.574 7.024 7.617 -0.446 6.294 -6.909 0.254 -4.272 -6.094 0.029 -8.916 -6.731 -0.962 0.078 -1.153 1.376 2.007 6.177 -7.677 0.698 -5.587 -4.198 -1.774 2.85 8.665 8.615 -5.589 -8.554 
8.037 -8.636 -2.005 -6.8 -7.771 4.808 1.67 -8.592 0.896 -7.252 -6.817 -7.346 -9.094 -8.615 9.931 5.004 5.956 -3.93 -7.901 0.704 3.312 -4.154 7.511 -2.603 4.122 3.085 6.845 3.866 510.909 3.372 0.171 -2.519 6.435 4.999 -9.175 -2.423 -7.186 -7.682 3.274 -3.329 7.036 2.678 -2.142 9.725 1.469 -7.219 -2.743 0.573 6.476 -2.961 -3.019 4.218 -0.6 7.881 -4.623 3.835 8.59 5.925 -2.613 2.151 3.187 -3.425 0.7 8.283 -0.878 8.811 2.953 3.169 -2.899 1.831 -5.714 9.402 -0.685 5.66 0.818 -5.413 8.185 -7.005 1.517 1.245 -7.33 1.253 -6.551 0.861 -4.513 -3.823 8.524 -5.151 8.068 -8.662 8.665 -9.027 -0.872 -8.518 5.664 -9.756 7.466 -8.096 7.064 6.318 -0.079 
0.008 7.113 -8.631 -2.075 -8.7 -3.328 5.247 -4.201 3.781 4.203 0.275 2.894 6.679 -3.192 1.879 -2.494 -9.285 2.551 -4.693 -4.518 7.512 1.353 1.461 -9.636 -2.728 -7.392 6.225 -5.364 8.684 502.834 9.36 -9.451 -9.325 -9.656 0.029 9.465 6.897 3.828 -7.433 -0.22 -9.282 -7.603 8.343 -4.78 1.029 5.793 7.372 -2.325 -2.706 5.365 -3.193 1.718 6.073 8.834 -7.486 -8.431 0.607 9.298 4.652 -4.486 0.105 8.296 -1.509 7.629 -3.996 0.489 7.682 2.174 8.727 5.78 8.758 -7.889 -9.599 3.621 2.858 -0.04 -3.545 3.825 -6.5 -3.444 -7.762 8.365 -2.315 1.259 -0.515 -0.563 1.687 5.786 1.928 -9.499 -7.388 3.086 -0.691 -0.935 2.114 -7.499 4.743 2.635 9.639 -7.005 1.615 
9.131 7.32 -6.898 4.599 5.346 1.708 9.946 8.889 -6.233 -1.903 -9.793 8.608 -8.465 -1.186 8.552 0.62 5.944 -2.675 -8.027 -0.75 -8.304 -7.157 -6.106 -9.311 -1.505 1.472 9.227 -6.611 6.493 2.064 546.915 -1.907 8.674 -8.94 -2.9 -9.933 6.49 7.321 1.943 5.655 -2.115 5.344 3.596 5.46 -4.707 3.232 7.418 -2.767 -4.701 -9.623 -5.741 -6.999 -8.668 9.104 -9.999 -2.992 -3.895 4.333 -5.076 -6.287 1.487 5.855 -5.576 -1.604 -9.951 8.881 -0.525 6.852 4.743 -9.694 7.769 -4.813 1.015 0.463 -5.415 -4.065 9.096 3.147 -3.753 -7.521 3.305 0.288 -1.619 -9.775 9.901 -8.084 6.242 -0.014 5.355 6.879 -5.01 6.752 2.873 -4.679 -5.908 -4.709 -3.427 -0.007 -8.088 2.957 9.941 
-5.948 9.647 -1.993 9.757 -7.809 -4.979 1.154 7.62 -1.103 -6.133 2.542 9.829 -1.685 1.979 0.848 8.949 -7.38 6.91 -4.66 -1.574 9.813 0.673 -8.721 -0.955 -0.339 -5.261 -9.789 -3.958 1.501 1.642 -8.084 479.301 0.152 -7.995 2.632 -6.315 -5.685 1.016 -2.397 -8.21 5.596 4.168 5.105 -9.538 -4.285 8.494 3.795 -7.612 -5.543 -7.393 -4.431 4.332 -8.426 -3.512 -7.931 -8.621 -7.89 -9.685 -5.439 4.877 -3.461 0.507 -5.89 -9.294 4.59 0.742 -8.175 1.886 -5.2 5.86 -2.624 7.509 0.616 -2.622 8.094 8.613 8.22 0.759 0.658 0.829 1.325 6.643 2.713 3.518 -6.214 0.895 -7.29 5.591 2.174 1.671 2.844 -0.682 -2.67 -4.429 -7.812 5.185 -3.535 -0.439 -5.076 -6.81 -4.526 
-7.936 -1.004 -5.048 -0.331 4.099 -3.058 2.75 7.096 -3.246 6.173 0.964 5.532 -7.665 -9.015 5.856 4.104 5.131 -7.992 5.524 -2.009 -9.105 -9.07 -8.014 -9.641 -2.349 8.217 -8.11 -7.908 7.904 0.648 3.204 5.044 526.649 3.474 3.993 -4.65 -3.306 -9.391 -6.192 4.75 6.921 5.52 -1.788 9.947 -4.367 5.333 -7.373 2.67 -6.91 1.163 2.941 6.447 -4.856 8.787 -2.775 9.977 6.45 5.523 -4.588 1.599 -7.381 1.544 -8.05 -5.546 -9.99 -3.179 -9.794 -2.179 0.916 8.546 6.78 -3.536 6.627 -1.935 -1.07 6.922 1.175 1.285 -1.067 7.329 4.535 -8.062 5.491 5.657 -4.387 3.245 4.178 0.203 -7.402 0.244 6.437 -4.311 1.038 -7.584 9.809 8.517 8.505 4.21 -9.199 5.534 8.765 
6.238 -7.934 8.085 6.991 -1.071 -2.939 1.643 7.202 -0.849 -4.178 8.968 4.708 4.703 4.143 3.898 -5.289 9.182 -8.439 6.787 -2.669 -9.341 -3.984 4.487 9.077 -8.929 -2.643 7.116 -4.248 -9.583 2.944 -0.318 -5.571 9.239 539.478 1.364 6.365 -2.108 6.746 5.564 7.603 -8.253 -9.263 -0.191 -0.515 7.74 3.786 -3.842 7.413 9.588 8.406 -0.007 -7.06 -3.514 -7.009 7.882 -8.365 -6.73 -8.272 -6.331 7.149 -1.21 6.473 -3.958 0.523 3.626 -5.849 0.506 -6.968 -1.694 5.342 -5.946 -9.311 -1.168 2.334 1.758 -0.933 -2.418 8.286 -8.893 8.167 4.558 3.009 -7.9 8.827 -3.538 5.485 8.97 -5.489 -0.77 8.354 -7.171 5.328 -6.567 -4.54 3.643 4.72 -8.671 -0.056 -5.364 3.508 9.38 
2.551 0.855 -9.291 -3.621 3.159 -2.825 -1.805 -3.386 -7.002 -9.85 0.866 -5.365 5.505 -8.257 -6.304 5.542 2.569 1.457 4.121 0.252 0.96 -0.907 7.312 8.126 -2.808 -1.149 -3.335 6.408 4.078 -4.123 -4.021 -0.107 7.559 -3.783 456.345 6.975 -6.637 -8.395 4.711 1.475 -0.386 1.667 3.698 -6.376 3.735 -2.171 -6.713 8.081 9.802 5.581 7.507 -7.93 5.99 -5.233 1.518 2.523 -9.205 -8.864 -0.358 -2.484 1.466 -3.315 -7.457 -5.637 -1.616 -8.872 -6.675 -5.603 5.092 2.368 -1.398 -7.239 -4.744 -0.078 -7.545 -9.52 -4.941 2.007 -1.252 5.604 -7.66 -5.64 -9.604 0.418 -7.724 -3.165 2.947 2.497 -6.557 2.456 -5.745 -1.181 -2.143 -7.168 2.016 4.189 -6.13 3.696 -3.404 7.921 1.802 
7.856 6.009 8.73 9.785 1.553 9.944 1.102 -7.62 -6.563 7.904 -8.363 -0.336 -2.705 -0.804 -9.537 -6.409 6.975 8.641 9.505 7.616 -8.21 -5.978 -6.152 8.469 -0.228 6.76 4.14 8.305 -6.177 -6.342 -9.956 7.885 -7.846 -4.142 -3.665 625.945 6.223 -9.917 -9.541 9.623 6.974 6.773 -6.831 -7.227 3.256 9.933 -7.649 7.783 5.13 -5.746 4.209 1.62 9.124 6.573 -4.316 6.893 2.539 -9.304 -2.667 -6.861 -0.461 7.385 -3.169 7.044 -6.957 -5.491 9.855 9.782 -6.686 6.368 -2.693 -8.623 6.678 5.707 -4.327 4.4 5.929 -2.888 -9.244 -7.747 -2.227 6.3 -5.862 -9.061 2.025 6.238 -3.623 -2.56 2.327 8.048 -8.657 2.692 8.774 -7.623 -8.001 2.634 9.115 -4.826 9.54 6.923 -2.911 
5.017 1.645 -6.019 -5.386 5.384 9.704 2.613 8.507 4.376 -9.413 -8.229 -8.639 2.712 9.779 3.454 0.69 1.813 7.38 5.352 -8.494 -9.442 5.296 -3.392 2.238 -4.428 -7.086 -3.82 0.544 2.104 2.23 0.03 -4.214 -5.228 5.189 5.863 9.521 506.87 -1.681 -7.695 0.514 7.649 2.756 3.172 6.594 0.681 1.353 6.865 -7.915 1.871 -1.189 -4.038 -3.391 7.595 5.638 2.719 8.738 -9.878 -7.771 -7.555 -3.762 3.705 -4.545 -1.36 -6.372 -0.826 6.917 1.273 -2.721 9.297 9.363 2.753 8.48 5.624 -4.236 4.883 -4.306 -8.391 4.15 -5.494 -1.353 6.532 -9.446 5.565 8.951 -9.957 2.277 0.938 -5.363 -1.863 4.151 8.687 9.26 7.937 -8.361 -5.762 0.198 0.862 -3.713 -7.443 5.275 -8.391 
2.508 2.04 -6.184 -0.713 -0.654 9.844 2.367 3.201 -9.28 1.251 6.996 5.05 6.55 -3.613 -7.803 -9.834 -6.204 -8.477 4.379 -0.376 3.429 -8.538 -1.183 -5.125 8.764 -5.772 -3.877 -3.305 1.882 -3.867 0.825 7.787 -2.032 5.443 3.078 6.323 -3.791 524.471 -1.382 6.354 0.247 -4.998 1.793 0.249 -8.782 6.238 -8.201 8.171 -7.926 2.645 3.251 0.109 3.116 7.997 8.776 7.08 5.582 1.344 3.509 -0.13 2.662 7.427 9.251 6.029 -4.563 2.891 9.454 -1.167 -4.99 -3.772 5.305 5.54 -8.48 5.82 7.895 6.51 -4.295 7.504 -8.225 -8.407 -0.64 -9.262 -8.839 5.729 7.293 -9.226 1.643 -8.233 -4.727 -6.848 -2.558 5.273 5.987 -3.617 7.119 -6.534 8.171 8.866 9.053 -1.613 -7.157 
-7.859 3.044 4.972 -7.98 -3.168 8.491 8.907 -1.934 6.974 9.681 1.591 -9.137 3.881 8.414 -1.222 -3.079 0.636 2.811 6.445 -8.677 6.838 4.486 -7.956 9.587 -8.171 -3.044 8.43 3.462 -2.096 1.81 -2.956 -3.599 4.097 2.774 6.332 -9.106 -4.194 -7.952 481.515 -3.106 -4.093 8.158 1.612 8.233 -1.087 -9.957 -1.161 -7.765 1.351 -1.781 1.525 -3.333 -1.289 -9.39 6.544 -2.304 2.184 7.966 4.529 -7.278 -3.176 1.824 2.858 2.735 -3.111 6.529 4.931 -9.705 -6.201 -3.874 9.412 1.256 -2.519 -3.261 -1.278 1.049 2.855 5.59 7.369 -0.354 9.748 -1.098 -2.432 3.224 6.793 -7.342 2.152 -4.859 -2.366 -7.412 2.889 -6.038 1.279 -7.309 -3.881 2.125 -2.531 -4.728 -3.006 5.218 -7.308 
8.646 8.922 -7.255 1.648 -6.775 8.331 3.757 -8.729 8.063 -7.332 5.141 -7.56 -7.948 -2.661 5.142 -5.049 4.907 4.833 2.508 6.558 -4.914 6.112 -3.753 0.864 0.927 4.989 9.51 -4.603 -6.048 -0.62 3.377 -6.554 -6.687 5.374 -8.38 3.139 -4.017 2.748 8.492 515.969 -1.406 -6.141 8.184 1.858 -6.319 1.749 6.758 1.511 5.652 7.875 -4.743 -4.721 9.904 5.04 -3.914 0.626 -7.68 -3.109 3.896 9.999 -4.266 -8.193 6.868 7.081 5.005 -3.989 4.643 -1.983 2.965 8.453 5.116 7.958 5.785 -1.72 -6.137 -0.61 -1.816 4.661 7.199 5.457 -3.544 -1.734 2.687 -1.163 -9.615 3.89 9.389 -5.266 -6.046 4.5 -5.789 -4.858 9.071 8.408 0.414 0.812 -3.373 3.356 -0.298 7.157 -5.202 
-9.772 0.892 5.79 1.947 9.482 5.249 9.12 -6.164 -6.813 3.397 -7.957 2.605 -0.797 2.024 -4.12 -1.589 8.854 0.068 0.774 6.544 -2.776 1.134 -9.204 -1.432 8.618 -7.547 -3.673 9.266 3.778 8.02 1.318 9.74 1.34 -0.895 9.268 -4.708 -2.351 -8.599 3.674 -4.328 548.164 -5.175 -3.782 4.805 -8.955 9.354 9.097 -2.71 6.147 -1.728 6.695 9.774 -1.619 -1.21 -3.852 -3.281 -0.457 9.277 -3.578 2.134 9.679 -7.823 -8.879 1.529 -5.765 2.179 -8.444 1.619 4.271 -9.67 3.461 -0.714 -8.774 6.515 -6.711 -4.204 5.525 5.084 8.158 -2.517 -8.241 -8.6 -2.728 9.911 2.294 -9.296 -7.932 8.929 5.828 -5.092 7.32 9.102 7.781 7.828 6.115 7.681 5.333 4.801 7.85 0.559 -8.467 
-9.676 5.592 0.085 1.916 4.498 8.229 5.266 -1.765 3.643 4.547 -0.122 2.561 7.382 -2.388 8.224 7.519 -4.498 4.482 -9.194 1.218 -3.55 -6.739 2.764 7.319 1.067 -7.756 -0.949 -0.09 -6.626 -3.468 -4.105 6.666 7.138 1.388 0.337 -4.455 9.441 -3.811 7.443 -7.392 0.645 502.735 -1.755 1.56 3.895 9.421 -9.427 9.199 -3.297 -7.54 -0.392 5.217 -7.815 -4.136 -4.645 -0.337 8.158 2.738 0.172 6.843 8.563 -7.802 -8.924 0.565 3.607 -1.564 -1.253 -7.619 -7.502 -0.1 8.016 1.808 5.82 1.525 3.023 -4.451 -6.648 3.73 4.374 -8.708 7.529 3.325 -4.716 -9.047 -7.232 3.532 9.059 8.06 6.531 2.99 -8.796 4.474 9.234 6.918 -3.959 -7.238 7.07 -2.457 9.927 -7.737 -5.741 
-9.028 9.261 -0.563 -1.448 -1.346 4.664 -5.36 1.734 -4.226 -3.795 -5.254 -4.499 -0.086 -3.596 0.241 0.458 1.905 -7.585 -3.158 -9.033 -5.259 9.365 1.762 0.211 7.994 4.881 -1.704 -2.354 -0.048 -0.718 7.947 9.399 2.564 -6.769 -7.571 -7.659 2.73 2.676 -3.331 -6.612 -2.472 9.474 428.813 6.957 0.72 5.372 -0.635 5.617 3.178 -3.14 0.815 1.606 0.834 -1.094 3.26 0.208 0.362 -3.317 -7.711 9.891 -5.031 -3.826 0.845 -1.313 -9.454 -3.154 8.443 -8.559 -4.152 2.631 1.045 8.365 9.482 1.027 -5.24 -8.214 1.18 4.378 1.55 -5.029 -4.838 2.271 5.785 -5.351 -0.653 -0.539 6.749 -2.888 5.783 9.836 4.087 -3.285 -5.184 3.72 0.722 -4.857 8.414 3.112 -9.107 -0.009 -3.52 
9.749 -7.988 4.065 -8.538 5.333 1.792 -2.858 4.557 -6.218 8.678 -0.127 3.79 -5.744 7.469 -2.675 -0.487 -8.663 1.654 4.1 -3.319 -0.438 -4.068 -8.371 5.133 7.259 -4.715 4.644 -5.066 -4.991 -6.94 0.833 5.811 -2.188 6.309 -3.222 3.309 9.45 -6.933 -2.064 8.553 -7.456 3.297 -9.195 506.334 -1.552 -7.091 1.352 7.809 -2.604 8.55 -4.659 -5.991 -8.777 9.81 -6.539 -4.54 8.475 -4.985 -3.073 0.137 4.889 -3.028 7.714 -7.687 -9.013 -4.179 1.678 -2.692 2.926 -2.424 -7.512 2.412 2.746 8.998 9.66 7.152 -0.153 2.111 4.92 -3.498 6.733 4.958 -2.286 1.82 -0.985 -0.845 -7.108 -4.03 2.151 9.321 -8.588 1.483 -4.452 -5.356 8.39 -6.395 8.433 -1.337 -8.131 -6.332 1.286 
0.435 -7.522 1.648 -8.234 8.092 -1.724 -6.239 -7.652 0.791 9.298 7.771 3.936 -9.407 7.104 -3.879 2.396 0.641 -6.445 2.258 -3.014 6.943 -8.305 -0.03 -4.087 1.454 -1.215 -9.62 2.451 4.99 -1.655 8.07 -1.989 8.236 7.286 7.787 0.608 -5.557 -5.892 -1.137 -0.147 -1.643 -5.4 5.724 2.896 502.68 -7.399 -0.239 -0.338 4.183 5.117 -9.619 -9.705 4.293 -6.531 1.159 -7.131 -7.31 -4.903 -9.184 5.258 -6.295 -5.691 8.131 -8.533 -9.717 4.456 -5.096 -0.237 5.479 -1.096 -8.25 -2.341 6.005 3.652 -2.233 7.065 4.121 -9.425 6.995 1.868 -8.64 6.971 -7.853 9.742 0.41 4.501 9.189 0.191 -0.067 8.57 -4.846 1.579 1.187 -2.188 5.935 -8.619 -4.979 2.594 -9.134 5.905 3.136 
6.488 -1.578 -1.516 -6.316 -6.779 -2.059 6.241 1.585 -4.477 4.792 -1.004 9.231 -1.353 3.736 7.647 7.504 3.256 0.475 2.931 9.671 2.911 -6.723 1.611 -0.341 8.865 -2.19 -3.944 -1.825 1.598 -9.644 -3.752 6.846 -0.837 2.261 9.261 -3.943 -1.28 6.747 2.784 -1.75 9.484 8.166 6.508 -4.787 -7.132 479.205 -1.992 5.225 -1.273 -5.434 -1.786 3.94 -4.615 5.551 5.639 -8.523 -4.482 1.175 8.269 7.448 0.001 6.285 7.294 -4.507 -2.564 9.582 7.891 9.404 8.394 -7.109 -1.223 -5.978 -9.741 -0.253 -5.481 5.821 1.111 1.82 -7.62 0.468 -0.808 -3.107 -1.048 7.642 8.329 7.884 -9.09 -3.014 9.01 8.845 8.931 -6.673 -0.115 0.922 4.132 4.145 -4.91 -1.083 2.377 -2.22 -0.961 
3.343 -3.045 -7.727 4.408 8.476 8.948 9.422 9.671 -5.226 1.111 -6.485 -4.202 -0.18 8.407 9.629 0.005 -2.474 8.265 -4.729 -3.284 3.814 -2.719 -5.11 -7.238 -3.265 -5.836 -8.419 9.753 6.532 -6.196 -9.704 1.492 7.688 8.473 3.791 -1.785 7.256 -6.131 5.018 -5.996 -8.435 -9.871 -2.117 -1.129 6.864 -9.121 549.757 2.845 8.544 7.027 6.353 5.794 -1.693 -3.763 2.414 -6.228 -1.063 3.89 -3.409 -9.636 -7.652 6.803 9.829 -0.201 8.09 7.142 -7.278 7.511 -3.214 -9.367 2.71 -6.589 -4.273 0.609 2.86 3.278 -7.642 7.353 -9.454 -5.505 -4.538 -9.119 8.725 3.779 -6.473 4.468 -7.462 -3.403 -4.836 6.162 -0.422 -9.356 7.351 -4.044 3.492 -0.938 -6.112 -2.564 -2.579 -7.002 8.653 
-3.67 -2.356 -3.929 -4.228 5.434 -8.904 -5.325 -6.571 -4.329 -8.84 8.706 4.61 -3.423 -8.354 7.433 0.49 1.951 6.771 -7.826 -9.16 4.324 -0.064 -3.029 8.44 -9.483 -8.535 0.469 3.51 2.487 -1.182 3.717 -4.862 -4.844 2.319 -8.511 -6.007 6.071 9.646 3.143 8.649 -9.48 -6.881 -6.879 -3.565 -9.884 -4.775 0.941 530.206 -7.121 -0.08 -4.202 -7.681 8.489 9.869 -8.096 2.574 3.678 -6.88 7.257 7.969 -0.434 6.636 0.725 -8.592 5.342 8.624 -9.814 -1.181 -9.236 -3.178 7.913 2.145 3.772 -4.32 8.458 -0.716 -1.124 1.785 9.033 7.549 -2.994 3.971 -7.325 2.053 8.163 2.186 0.472 -4.034 -5.524 -2.478 0.703 -4.364 -6.85 -5.279 9.925 -9.63 -3.664 8.026 -6.08 -6.009 -1.917 
-5.179 3.282 7.291 5.14 -5.137 -2.933 -9.991 1.617 -3.124 8.881 4.404 6.358 -3.007 6.073 7.412 1.579 5.99 -1.35 3.31 -5.993 2.269 2.32 -8.623 2.03 -8.321 -8.129 -7.687 -8.022 7.241 3.46 -8.771 8.494 5.251 -2.694 8.805 -0.261 3.362 -4.06 1.591 -5.386 0.929 7.386 -2.543 6.229 2.224 7.505 -7.169 -6.483 507.939 -8.759 -5.348 -8.792 1.419 8.591 1.837 -2.712 0.075 -2.099 8.598 6.627 -8.27 -3.59 -4.918 -0.362 0.998 5.983 9.576 -4.384 -8.644 0.575 0.922 1.853 -4.938 1.208 9.786 -8.344 -2.132 -5.905 -6.903 7.084 -4.729 8.071 -2.773 5.513 -6.39 -1.454 -7.634 -6.93 -8.459 6.988 -6.909 -7.481 5.237 -2.727 -1.748 -1.63 -5.867 -6.753 7.084 -2.228 3.101 
7.827 2.179 1.665 -0.895 -9.824 1.837 -8.818 -9.279 3.518 2.804 6.889 5.337 9.186 -5.479 3.273 3.576 -3.148 4.885 -1.542 -6.41 -7.308 9.307 6.117 0.756 0.13 -9.563 1.865 -4.154 2.695 -3.98 -4.796 -8.964 2.955 -6.215 7.765 2.338 -8.498 -5.693 -6.07 -3.083 -4.419 5.478 0.897 -5.754 8.28 -4.5 -8.191 -8.858 6.031 535.904 7.777 -7.505 4.732 5.459 2.47 -8.149 2.941 9.152 6.401 -1.019 -5.66 5.947 7.106 -4.779 1.082 0.795 6.137 -8.433 4.653 -2.857 -5.891 9.394 -8.491 2.016 -8.986 -0.841 7.041 8.845 -9.427 -1.462 3.292 2.805 4.624 8.21 -6.609 -7.036 6.38 -9.136 8.791 -4.273 -0.183 -3.041 -5.807 -5.131 -3.428 9.431 9.411 4.847 1.415 -1.255 -2.539 
-7.302 9.554 3.806 4.265 -4.865 0.734 -7.048 6.532 -1.138 -8.336 5.478 -3.67 0.922 9.358 -8.868 7.039 -6.847 3.427 1.721 4.605 -6.085 -1.173 -8.657 -7.214 0.179 9.969 -9.129 1.671 1.212 4.015 -1.378 7.179 5.39 -3.984 -0.189 -3.154 7.685 4.073 -6.374 5.576 6.906 8.797 8.682 -6.108 9 8.073 5.119 -9.164 5.554 -4.477 531.157 -6.208 -4.914 -0.975 -0.528 8.344 -1.193 -5.726 -7.578 2.678 -7.774 -2.401 6.628 3.11 9.331 2.129 -8.752 9.983 -3.011 -8.135 6.983 6.492 3.854 9.356 -0.948 6.893 0.205 4.392 8.649 5.149 3.046 -6.5 1.953 0.187 4.18 -6.971 9.53 9.789 8.121 -7.81 -1.65 1.536 1.358 6.699 3.685 6.284 -5.14 -1.502 8.775 -2.665 7.635 
-3.577 -3.255 -9.237 7.676 8.591 9.162 8.52 -4.348 -2.426 3.123 -3.971 9.096 -4.538 -0.082 1.362 -2.009 7.41 -9.077 -5.933 2.233 8.574 5.752 1.824 7.388 -5.352 -4.403 2.248 0.498 1.539 -1.17 7.831 -6.633 -8.998 -0.786 -1.413 -8.227 -4.043 -8.966 -0.829 -9.115 -8.272 9.958 5.076 9.457 7.565 -6.33 -4.024 -1.612 -3.374 2.063 -6.646 511.376 1.941 -6.741 4.267 1.502 -9.062 -1.269 3.432 0.799 1.722 8.494 1.776 8.693 -9.391 5.644 -8.836 7.119 -7.736 -1.567 2.247 -9.789 1.353 7.618 5.175 -7.848 -2.269 -2.98 1.415 -3.333 5.986 5.997 -1.054 8.758 4.533 -6.005 -7.128 -1.457 -0.527 -0.642 8.759 6.878 -5.906 7.287 7.019 -7.009 -3.858 -4.894 -6.795 5.406 -8.117 
-8.693 9.231 -1.475 4.537 -5.035 5.201 4.669 -4.233 -5.025 8.884 2.272 -1.057 -9.452 2.068 2.961 -3.517 6.478 2.563 -3.407 9.35 -1.282 3.547 -9.433 0.931 -3.178 9.056 4.683 -2.548 3.282 -1.679 8.242 0.948 7 8.426 -6.421 -9.675 -9.028 -7.915 3.379 6.266 2.726 5.356 7.91 -3.498 -9.904 8.703 2.671 -0.584 4.693 4.067 6.985 5.985 534.365 0.467 9.737 2.745 7.527 1.136 9.673 1.774 -8.183 -3.69 -5.37 7.596 5.67 7.547 -3.465 -4.521 6.854 1.775 7.196 0.757 9.371 -3.7 3.651 4.619 2.245 9.591 -8.759 8.24 -0.995 -3.097 7.609 -5.846 -9.346 4.669 1.445 1.477 -9.086 3.077 6.091 9.858 4.069 -7.649 9.991 -4 -7.023 5.012 3.523 -3.912 -2.37 
-5.15 -2.299 -6.891 2.479 -3.757 -4.461 -0.144 -3.047 6.686 -3.268 8.897 0.157 -3.377 -6.432 -0.017 -1.926 -3.678 -5.869 -8.432 -8.528 0.624 -5.354 8.123 -9.276 9.733 -8.741 2.506 2.3 8.213 3.535 8.928 7.986 2.512 -2.89 5.503 -9.152 -8.891 8.763 -5.515 5.568 -9.245 -6.415 2.96 5.05 7.311 -9.035 7.128 0.011 0.339 3.809 9.243 3.799 6.85 497.367 7.879 0.777 1.524 -6.444 -0.617 -6.654 -1.767 -0.786 -8.785 -9.952 0.842 0.876 -3.664 -4.804 -9.977 -2.996 -8.128 9.048 7.233 -6.012 5.006 6.83 7.006 -2.684 -5.62 -5.261 -5.639 2.53 6.221 1.57 5.407 7.6 1.039 -4.299 6.091 -7.766 8.883 -1.066 -3.397 -5.772 -0.958 1.033 -2.953 -1.89 3.482 1.794 -6.216 
-7.571 1.102 5.243 -3.787 5.181 1.666 1.017 -9.965 9.604 3.965 -1.302 -0.924 -0.32 -1.527 9.173 -6.474 2.097 -3.708 3.026 4.885 -9.949 6.094 8.155 -5.898 -4.724 2.629 1.926 -4.532 7.763 0.034 9.892 6.207 -3.273 1.81 7.545 3.188 -3.921 8.545 1.558 0.183 -7.018 4.363 2.651 -8.188 -0.947 -6.48 -6.557 3.588 -9.676 -0.271 1.583 1.424 -5.691 -7.506 508.259 8.485 0.345 7.127 1.922 -7.516 -7.185 -1.918 5.228 2.279 -4.014 8.889 3.838 9.09 -6.147 -3.833 1.667 4.677 8.745 -9.905 -0.932 6.525 8.396 9.187 -8.903 -1.653 2.759 -6.663 -3.518 -6.822 9.072 -4.163 -7.241 5.862 6.468 2.44 -3.825 1.906 9.952 3.513 3.721 -9.497 7.563 -6.035 9.06 -9.083 4.334 
-5.864 3.495 1.915 0.329 3.893 -0.746 -6.254 -5.438 -7.213 5.259 -7.801 -6.641 8.704 6.967 6.36 8.252 -7.621 -6.742 -3.097 2.121 -1.43 -4.976 8.027 8.963 9.033 -5.983 -4.562 3.842 6.689 5.076 -5.864 -6.647 -4.561 1.885 0.041 -8.239 0.715 4.124 -4.511 -6.512 -7.897 -7.868 -9.818 8.727 -8.7 4.18 -3.587 -4.308 6.166 0.945 -9.822 0.386 4.789 -7.999 8.299 540.796 -7.769 9.913 -4.293 6.771 -2.956 8.963 6.777 0.923 -5.348 -2.428 -0.061 -3.869 -9.678 6.172 5.72 -2.292 -4.246 5.585 -5.02 9.829 0.182 4.866 6.303 2.327 -0.589 -7.849 9.331 -7.868 4.363 -2.79 4.293 4.614 4.459 -9.801 7.064 3.719 -9.413 7.548 3.787 -5.968 7.384 -7.038 -0.57 2.745 5.25 
-9.39 5.01 -1.256 -5.498 4.585 2.279 9.934 -3.192 3.549 -0.06 2.772 -2.234 -3.851 -2.046 -2.281 -0.436 6.662 6.175 -5.378 7.751 6.295 4.64 6.22 4.951 -9.175 8.355 -5.301 -7.646 -5.922 5.993 9.332 8.537 -2.237 2.369 4.543 -1.511 -5.302 5.688 -5.394 9.611 4.727 2.318 -6.299 -3.954 -9.592 -5.833 -1.764 -2.157 -6.946 -3.234 -7.947 7.27 8.764 9.743 -5.409 1.029 525.719 -4.358 7.044 4.143 -1.072 -2.128 2.252 -0.997 8.586 -5.905 -9.73 1.336 1.717 -2.568 -6.485 -6.22 9.086 4.65 2.872 -2.673 -5.893 7.828 -0.709 -8.966 2.976 -6.021 -5.803 1.246 -6.1 -4.235 6.389 -7.043 9.932 5.619 -6.825 8.028 -4.755 5.502 9.096 7.608 -4.351 -5.024 -3.139 9.466 -9.276 
2.049 4.805 -2.84 7.922 5.602 -6.275 0.71 -3.252 6.314 -6.341 -2.349 -0.669 -0.72 -9.096 -4.313 7.234 5.649 1.81 -1.027 -7.121 -5.919 7.22 2.25 -6.357 -5.101 1.454 5.047 8.422 4.252 -4.6 8.478 1.873 7.468 -7.76 -5.618 8.307 -1.716 -6.152 9.383 -5.478 -6.165 -3.894 4.889 -1.088 3.987 -7.828 -1.848 -7.255 8.054 4.142 -0.788 8.775 1.911 5.65 -6.136 -7.776 4.198 520.045 3.768 9.61 -8.45 6.209 1.396 2.078 9.698 -6.212 -0.302 -8.437 -0.195 2.498 4.232 0.538 7.536 9.964 8.944 9.024 6.142 6.629 -4.146 6.226 4.23 8.574 3.644 -1.68 3.899 -9.829 0.437 8.852 5.584 5.647 -7.95 -6.371 2.209 -3.027 -1.452 8.168 7.142 -5.62 -0.823 -7.57 -2.021 
-1.459 -4.997 -8.696 -1.649 5.38 6.828 -7.624 -2.532 -0.631 -6.791 8.051 -2.629 -8.932 2.077 -8.709 -2.228 -4.502 6.337 1.252 -8.934 0.75 8.624 -5.791 9.236 -0.358 -2.11 7.473 -9.739 4.63 -0.983 0.965 -1.175 4.012 -1.038 -0.722 -8.748 0.937 5.988 -9.191 -9.548 5.782 2.098 9.94 -6.974 7.205 3.052 -6.73 7.779 7.481 5.213 1.549 2.534 -6.297 -6.06 -4.77 -5.534 8.012 -5.624 482.213 -1.931 -2.783 2.204 -6.3 4.457 5.002 -0.685 -7.097 5.844 -1.612 -2.682 8.724 -0.132 -5.825 0.442 -4.831 9.842 -9.19 -1.404 -4.118 -0.934 -3.527 -8.748 4.53 0.015 -4.912 3.268 2.825 2.511 8.608 4.907 -6.345 8.916 -3.936 -9.967 -0.68 8.943 -2.241 -1.162 2.98 -8.167 6.408 
-4.758 -0.513 6.112 -3.802 7.157 -9.488 4.784 -2.709 5.961 -7.74 -4.053 7.989 0.504 5.54 1.791 -7.212 9.6 -4.946 -9.018 4.686 8.423 7.475 -8.124 7.103 5.59 8.677 -5.333 -8.797 -3.284 1.787 -5.567 4.342 8.997 -1.48 -8.869 4.009 -4.225 7.707 -7.711 0.851 0.057 -3.051 -0.498 -5.762 1.588 -3.957 0.767 -5.684 -6.611 4.074 -2.721 5.609 0.512 -3.945 5.549 -1.037 -3.675 -0.508 -6.525 507.62 9.773 6.46 -7.472 3.201 -9.186 2.576 -2.769 -3.535 -9.354 -9.351 -2.141 -8.988 -1.643 3.889 -7.397 6.613 -3.745 1.187 -8.597 -6.556 -7.572 -4.702 -4.776 -9.968 0.969 3.69 -8.216 1.512 7.819 -8.633 -8.456 8.74 3.325 -4.864 -3.755 -3.151 1.384 -0.383 6.359 0.381 -0.557 
-6.486 1.429 3.618 2.21 9.314 7.047 8.888 6.204 -7.117 -7.312 5.531 -3.338 -3.892 9.543 -0.08 0.218 7.702 -4.615 -9.731 8.137 5.081 0.91 6.1 0.949 -3.509 6.506 3.94 -9.084 -5.101 -1.942 -8.808 7.945 9.878 -5.43 5.086 1.624 -5.958 -4.687 4.327 -0.282 -3.448 -0.365 -2.733 -8.232 -2.219 8.726 -7.633 -4.64 6.452 5.356 -5.796 -7.808 -6.625 4.954 1.438 -8.775 -5.613 -0.592 -8.068 7.017 504.902 -6.441 4.573 -7.234 -7.717 3.611 7.426 -0.368 8.272 6.542 -2.576 6.587 3.275 0.08 8.136 -1.663 -7.363 -6.061 8.993 2.807 -4.168 4.726 1.905 -5.805 8.042 9.314 -0.659 2.808 1.135 4.448 1.702 8.686 5.874 3.976 1.221 -7.569 1.892 -0.67 4.645 -6.27 2.306 
7.59 5.724 5.805 -3.823 9.743 -8.329 0.602 7.076 -8.042 9.301 1.895 4.722 3.837 7.779 7.257 8.446 -6.482 2.393 2.88 -7.174 -9.838 -7.128 7.659 -4.3 4.023 -7.326 1.804 2 -0.98 -1.382 -7.997 -4.683 -1.651 -7.06 -3.857 9.581 4.976 -6.892 7.126 4.341 -4.296 8.714 -2.432 8.89 0.071 9.261 -5.006 -7.165 3.443 -8.141 -9.43 3.689 -2.531 3.665 3.535 5.689 0.425 0.277 8.173 -1.714 5.022 521.538 0.515 7.592 1.885 8.767 -2.095 9.594 -6.821 3.476 6.164 0.015 -7.246 1.133 -3.741 -7.513 6.71 2.344 5.267 4.022 1.401 -1.396 -5.173 -5.222 -5.3 8.25 4.398 7.741 -9.272 4.653 6.32 3.14 -1.754 3.818 5.024 2.327 8.597 -8.704 3.681 6.307 0.33 
8.174 -4.771 4.513 -3.059 -9.521 6.882 7.318 7.829 -8.635 -5.385 4.54 -9.132 5.801 -1.928 -3.472 -2.134 3.509 3.76 1.39 4.425 -8.156 6.692 9.328 4.406 8.486 9.235 1.647 -5.994 -2.601 8.746 -5.783 7.537 -6.903 -8.273 -2.932 5.899 -4.555 8.941 9.341 -1.682 0.092 -6.685 -8.077 -1.924 -1.959 0.432 -1.101 -6.238 -8.012 0.026 3.328 -0.987 -3.262 6.147 2.881 5.75 -3.637 3.508 -3.488 8.597 1.693 8.019 512.502 -8.534 8.348 -9.355 1.99 -8.772 -2.298 -4.568 5.537 -2.077 -8.996 -5.066 6.579 -3.837 0.354 9.244 1.705 -1.845 -0.705 8.467 -4.784 5.211 0.501 2.681 1.413 1.67 -1.635 -1.668 5.532 -7.177 -9.741 5.454 8.448 6.718 -8.192 -3.731 2.134 8.692 8.732 
0.397 6.971 0.648 -4.589 2.551 -2.092 -9.332 3.069 -3.536 -9.814 -1.276 -7.073 -8.209 -1.229 6.25 3.332 -5.742 -8.57 -4.814 2.407 7.466 3.32 5.225 5.751 -0.005 8.441 -0.194 4.817 2.44 -9.322 3.568 9.622 1.576 -8.285 -8.198 -8.162 -3.051 8.266 -4.1 7.28 -1.009 6.878 -2.111 0.434 -2.853 0.987 1.838 7.897 -8.502 -8.055 -9.754 2.468 2.039 -6.555 -0.491 -4.878 6.034 -2.979 0.111 -1.802 5.734 -4.719 4.408 499.134 -3.683 -0.964 7.71 7.473 6.999 4.699 -3.188 -5.287 7.079 9.092 -5.788 -2.527 3.042 -9.726 5.96 0.824 2.89 -5.008 6.423 -9.196 9.493 -3.899 4.187 4.437 6.035 6.535 9.92 2.786 -6.471 0.382 9.226 3.509 -7.125 -3.844 -8.678 1.763 -7.902 
-2.118 -8.691 3.168 -7.514 -4.589 -8.748 -7.807 -1.249 -0.726 8.112 1.795 9.411 7.799 -2.225 -4.861 -8.427 0.851 -2.634 -2.667 -1.792 -1.154 -6.807 -8.175 2.734 5.388 -2.347 6.943 -4.663 9.533 5.364 0.859 5.177 2.161 6.756 2.03 3.468 4.99 -4.027 6.583 -6.175 0.508 -0.803 -5.901 8.317 6.392 9.336 -1.093 0.36 -1.022 3.53 5.299 -1.127 -3.094 1.03 1.909 2.043 8.264 -9.249 -6.918 3.597 2.419 0.16 3.166 -0.324 465.184 -9.86 3.434 0.158 -7.274 4.104 0.757 4.77 7.577 -6.143 -7.862 1.304 -6.105 9.554 9.897 1.004 -1.712 -3.362 -1.476 4.427 7.508 8.685 -3.841 -9.954 4.843 1.896 1.141 -2.589 -2.522 4.279 7.223 -3.177 9.608 -9.42 9.831 -1.657 -9.842 
0.122 -5.689 3.695 -5.904 -6.367 -8.345 -1.579 8.127 5.93 -7.073 -3.888 -2.366 8.987 8.283 5.443 8.086 -1.158 4.601 2.342 5.232 -2.314 2.418 8.868 2.119 1.606 -3.398 -4.472 2.884 9.025 2.431 -8.927 -5.606 4.255 -4.796 8.488 1.045 5.602 -1.454 6.231 -7.096 -1.901 4.257 -0.248 2.846 -2.765 -5.164 -0.131 4.477 -8.085 8.76 1.825 9.351 -7.574 -1.867 1.641 -0.638 2.311 -1.502 -5.116 -1.816 1.849 1.414 -3.001 4.229 -4.804 466.086 -5.892 -3.143 -6.701 4.254 8.48 7.407 0.317 4.666 3.843 -2.875 2.557 -2.087 2.303 5.182 5.826 -5.141 -3.19 1.687 9.636 7.649 0.988 2.996 4.81 -3.176 1.555 -0.416 -5.156 9.82 7.688 -9.634 -9.249 6.731 6.347 -8.402 -5.87 
-7.048 -6.655 3.874 3.197 -7.277 -8.011 -1.838 4.231 -0.394 -6.625 -4.683 -6.405 -3.111 -2.089 4.587 -7.655 6.471 6.335 1.094 1.063 2.175 2.807 -2.071 -6.329 -3.392 0.631 2.795 -7.72 -9.252 -4.859 -3.415 -5.022 0.799 -1.861 -3.02 -8.899 7.789 8.774 -8.647 1.859 -8.026 6.853 0.22 8.109 -3.663 -3.674 4.968 -8.405 -8.733 -0.963 1.732 1.19 5.996 1.834 7.084 1.443 -8.572 -6.268 0.57 7.175 3.719 -5.935 4.16 -5.08 8.28 7.44 465.428 9.663 -0.137 6.772 8.701 -6.331 -4.076 1.804 -8.737 -6.93 7.724 -2.741 -2.686 7.475 6.401 2.123 2.917 -1.99 -0.248 -0.444 -7.981 0.019 -0.488 5.529 -1.011 -1.934 8.648 -6.452 4.284 -7.059 -6.502 2.648 1.613 3.039 6.556 
6.226 -4.206 -7.716 1.575 0.867 -1.246 0.533 7.46 -1.569 -5.534 9.988 8.001 -1.483 -1.512 7.521 3.409 8.854 -4.35 -1.6 0.3 -8.067 6.127 -2.984 4.258 2.247 9.932 8.139 3.428 0.14 -3.912 -5.368 -2.763 4.568 1.09 -0.818 -9.557 -1.05 0.128 4.77 9.491 -8.179 -5.833 1.469 5.478 -2.872 -3.917 -4.408 6.029 -2.207 -0.092 -8.699 7.012 -9.446 -1.361 -5.492 -5.749 0.121 -1.876 -5.791 -4.761 -3.682 -2.8 7.368 1.382 9.163 7.586 -9.971 472.084 -6.277 -9.067 -0.423 -3.874 9.11 -5.003 0.852 9.788 4.123 -3.925 2.323 -9.113 5.801 0.645 7.58 0.593 6.575 5.572 -7.874 5.866 0.69 3.302 5.776 1.842 -8.759 6.131 -3.08 1.385 -4.577 -8.053 -3.484 -5.158 -2.504 
6.849 9.742 -3.528 -3.096 -7.053 -2.395 8.702 5.904 -6.992 2.94 -5.721 -2.048 8.247 8.197 0.593 1.166 2.308 -2.383 -3.625 -7.995 -4.298 2.828 5.23 6.834 1.685 3.5 -1.091 7.928 -3.406 -2.499 -2.524 9.151 9.841 6.714 6.054 1.074 -3.394 7.064 -4.055 -9.504 -0.261 4.274 -8.26 5.113 -3.557 0.478 -4.625 -9.485 0.034 -8.911 3.157 3.74 7.388 -3.866 -7.614 5.293 8.666 5.804 -9.497 9.831 7.468 6.052 -8.43 -5.354 -3.212 6.81 -7.595 4.633 534.218 2.785 3.863 -7.402 6.269 -5.254 -8.517 -5.439 -7.067 7.857 -5.836 1.145 8.945 2.832 -0.493 8.182 -8.491 5.563 0.14 -7.647 0.833 1.347 -3.408 0.962 3.581 -9.038 9.18 8.898 9.513 7.586 -6.102 0.36 -5.337 
5.445 -1.888 -2.123 -2.368 -5.726 8.841 -3.412 1.791 3.977 -0.398 -7.549 1.257 -9.692 7.388 7.751 -6.695 -6.195 -8.449 9.488 6.291 4.237 7.09 -0.394 -8.753 -2.989 5.743 -2.956 3.78 -0.841 1.389 -9.88 9.002 -4.287 6.42 -3.771 -9.732 -3.986 -3.44 9.878 1.045 3.906 -6.97 9.849 8.527 -4.216 2.998 -8.449 -2.547 6.123 -8.048 -8.372 -6.941 -8.648 -5.098 -1.567 3.239 9.868 7.279 -5.776 -8.293 -1.511 -9.08 -7.265 -3.682 3.771 5.725 -0.758 -0.3 0.423 541.95 9.358 2.959 -1.581 -4.248 -2.566 7.457 5.424 8.447 5.837 -5.473 -8.178 5.977 -7.694 8.477 1.877 -4.54 4.154 -5.647 6.458 -7.05 5.329 -1.348 0.295 -3.077 5.141 8.569 9.855 -6.624 5.949 3.322 -3.291 
1.159 -0.28 -4.34 0.856 -5.388 -6.597 -3.095 6.167 -2.237 6.989 7.161 -7.763 -8.001 -3.08 5.959 -7.339 0.058 1.863 -9.81 -6.367 -7.325 -2.733 -7.488 -8.154 4.448 -6.925 7.385 1.203 6.36 -5.477 2.247 -7.492 1.471 -0.37 -9.247 -3.226 -4.984 -8.841 0.025 9.8 0.448 -4.234 -5.517 3.366 -1.033 8.456 5.122 -3.31 -8.386 -3.333 -5.026 -9.289 -9.764 4.964 9.028 -2.677 6.471 -1.25 -9.983 5.85 -3.676 -6.664 -9.745 -0.136 2.038 -6.627 -5.902 8.866 2.614 -3.146 487.104 -8.602 -0.285 -2.231 -8.232 -1.152 6.617 -8.011 2.446 2.477 -5.542 -7.944 -3.973 0.164 2.256 8.309 1.113 -6.12 -5.024 -3.87 3.69 4.105 -2.601 2.074 2.47 3.173 0.641 5.291 4.676 5.998 -7.172 
-0.496 -6.362 5.832 8.412 7.178 2.858 -4.132 -6.594 -2.257 -6.84 7.389 -2.514 5.667 1.645 6.863 -7.583 -6.157 -4.357 -4.087 2.385 3.679 -6.769 1.707 5.982 6.821 2.531 -3.411 9.647 8.346 -7.868 -1.356 -0.405 1.372 7.021 -9.757 9.129 -1.384 7.084 2.514 -1.281 7.728 8.535 -9.652 -2.652 -5.878 -7.436 4.678 -4.651 7.525 -9.957 -3.34 -8.653 -3.351 -3.696 1.803 -1.121 0.108 -4.2 -8.796 -8.1 1.149 2.897 1.726 -7.391 8.745 -7.916 7.315 -0.102 -1.733 -1.434 9.586 524.666 -8.796 -1.484 7.414 -5.267 -4.678 7.17 -7.565 7.501 4.127 2.525 -9.746 8.52 7.699 -7.464 5.535 -6.2 -4.324 -5.438 -6.683 -5.031 -2.392 7.183 8.53 4.285 5.893 6.609 1.069 -3.241 2.158 
4.716 -0.412 -0.771 1.593 -5.215 0.208 -2.295 0.635 1.591 -3.995 -1.304 6.255 4.636 -8.894 -7.583 -7.385 -4.092 -1.356 -3.909 5.077 9.745 -9.492 4.027 -6.287 -8.586 -9.169 -2.249 -2.178 -3.077 -5.669 4.704 -9.798 2.498 6.102 -9.704 8.287 -6.225 5.579 0.018 -1.867 1.938 -5.882 -4.208 -3.174 -3.115 -6.976 -6.068 -0.966 -4.05 -3.182 -9.184 -5.758 0.789 -4.83 -3.206 2.631 -5.242 -3.846 8.857 -0.392 -1.571 -6.664 -1.742 1.672 -8.142 -0.279 -9.492 9.608 8.793 2.666 -7.886 8.92 506.639 -4.379 -9.092 -8.036 -7.541 -5.074 4.962 -8.58 -1.427 -7.121 -1.111 0.545 0.719 -8.117 5.68 2.082 6.07 8.754 7.269 -5.285 9.008 -6.887 -2.336 -6.304 8.409 9.257 -1.248 -9.487 -9.661 
0.759 5.425 3.732 -5.791 -3.101 -3.76 9.432 -0.779 -5.136 -3.129 1.433 3.182 -3.406 -9.974 3.259 -3.888 2.142 9.793 -7.897 3.623 -6.507 1.96 -1.305 9.143 9.808 2.545 -8.18 7.516 -3.119 8.362 2.986 6.939 0.426 7.322 -1.034 7.891 -4.594 -9.23 7.73 -9.908 1.689 5.288 6.8 -8.477 -9.86 -2.772 -7.92 7.135 -7.378 -0.342 -0.031 9.134 -5.588 8.436 -4.129 -4.434 8.167 -8.171 8.175 9.444 4.879 -3.627 -1.626 -3.252 9.099 -9.382 -4.813 8.379 -6.717 7.928 3.374 -1.486 9.229 536.959 6.417 9.781 -6.664 -8.841 -3.714 4.31 -3.153 -6.684 3.251 -1.063 2.207 6.723 4.005 -7.3 -7.639 -4.667 -2.658 -4.731 1.05 -7.917 -6.805 -3.944 9.075 1.732 3.069 -4.513 4.023 
7.716 -7.723 9.068 -8.394 -8.635 3.567 -9.732 6.25 -9.096 8.345 -8.868 -3.261 -6.886 8.857 -1.712 -2.909 3.39 -0.439 -7.297 4.85 5.33 -1.356 7.18 -9.197 -7.821 -6.715 -7.238 -3.42 -1.7 -3.479 -5.819 -0.861 -8.325 -8.996 7.637 -8.7 6.923 2.867 2.974 -1.695 2.368 7.564 -3.32 1.806 -5.576 -1.217 2.215 -5.294 -2.117 -8.618 -0.249 3.008 1.656 -0.203 -1.275 4.074 -3.91 -5.518 -6.518 4.654 0.198 -9.321 -5.197 -3.421 -5.02 6.171 -1.741 3.203 -7.563 -2.315 4.117 5.468 -0.987 9.184 458.499 -7.108 6.854 -0.432 5.626 1.842 6.642 2.136 -1.143 1.107 1.709 3.67 -0.021 3.127 -5.295 -2.903 1.272 -1.893 -4.676 -1.56 -2.149 7.835 0.403 6.124 -1.797 -3.799 6.178 
-5.335 -5.83 6.56 -4.423 -4.382 -1.552 -8.995 4.918 -8.838 5.083 0.866 -7.949 9.719 1.949 -5.891 3.068 4.252 7.337 4.81 8.745 3.68 5.83 6.094 -4.036 -2.372 -2.836 -6.997 6.102 -9.267 -1.029 -4.792 2.851 6.567 -9.906 8.605 5.543 0.559 7.58 -0.488 8.292 -3.606 -2.465 5.531 0.13 -9.067 7.67 -6.925 6.797 -0.953 -2.319 -6.818 -9.022 -8.426 -7.459 4.394 -5.518 -2.797 -6.681 4.36 3.255 -7.837 -9.685 -9.757 4.103 -9.577 -5.874 -7.896 0.581 -8.533 -8.366 -6.836 4.793 2.748 6.028 6.129 542.684 9.54 -7.427 -4.214 -7.182 -3.767 -4.804 4.582 8.058 9.936 2.863 -9.81 4.691 -0.159 -0.741 1.813 -3.336 3.902 -5.506 5.515 8.97 8.166 3.317 -2.13 -3.845 -6.505 
2.011 -1.936 9.43 3.326 0.409 -9.201 -4.419 0.957 4.743 6.384 7.225 4.435 -5.257 0.72 -6.335 -9.596 -4.854 6.153 5.423 6.855 2.703 -7.641 9.509 1.556 3.636 -2.783 -9.266 -3.163 -3.949 -2.034 -8.512 5.588 -8.518 -7.819 -7.645 5.332 -4.889 7.955 1.645 9.953 -4.864 3.186 3.156 1.924 8.353 4.947 8.378 -8.156 -8.765 1.683 -8.125 -3.402 -6.395 -6.659 -3.26 -7.328 5.464 7.5 0.751 6.934 6.625 3.222 -6.714 -6.383 -6.504 8.548 8.067 -6.7 7.707 -7.553 7.421 -2.646 7.204 -2.5 0.054 9.62 534.083 -4.263 -3.789 6.014 4.35 -3.25 1.594 2.301 -5.429 -5.401 4.605 -9.536 4.961 8.001 0.193 -5.113 4.885 6.903 -1.979 -9.01 2.576 7.795 2.671 1.034 -6.862 
9.248 -5.552 3.599 -4.67 9.018 -6.632 -7.594 -4.125 6.619 -2.022 -7.077 3.866 -7.128 0.814 8.367 3.131 -4.589 -5.656 9.059 -7.921 3.075 -8.031 -8.069 -6.963 9.421 -1.018 -3.037 -3.332 5.755 7.102 -4.447 5.049 -5.333 3.848 -8.249 -7.449 -8.606 6.355 8.919 9.696 -7.822 8.117 -8.47 -8.017 -3.676 6.724 -5.289 2.965 -8.18 0.836 2.527 -1.086 -6.882 5.399 -9.847 -9.034 -5.89 -4.4 4.727 -0.077 9.316 -7.96 5.048 8.717 1.97 2.327 -8.77 -1.944 -1.051 -2.427 -8.005 1.865 9.383 6.207 -0.486 0.888 -3.688 553.36 9.509 5.174 -1.107 8.916 -2.175 -0.852 6.431 9.302 3.724 -3.386 4.906 -7.837 -5.119 -2.773 -8.313 0.56 -0.598 -9.123 4.753 8.647 6.106 1.901 -0.949 
-4.056 1.136 4.454 -9.494 -5.41 0.599 -2.628 -8.966 9.099 2.9 -8.854 -9.657 9.978 5.534 -0.818 0.665 4.084 -1.239 9.128 -5.113 -6.502 5.044 6.462 8.755 -9.182 7.898 1.466 -3.607 2.32 8.445 4.839 -4.593 -3.038 9.13 4.131 -8.166 -8.538 -4.247 -4.361 9.673 -0.517 -8.629 4.601 4.986 -3.569 8.578 0.277 0.294 0.435 -9.692 1.888 -8.536 4.818 3.537 -3.575 -3.69 -2.34 -4.878 9.961 -8.196 -9.959 -5.499 -9.596 5.125 6.123 -5.904 -8.522 2.652 5.437 -4.991 -4.729 0.603 -9.429 -7.077 -6.17 1.162 1.916 -2.818 550.847 -1.23 -4.78 4.549 4.403 2.648 -2.634 8.458 -7.533 3.703 1.189 -5.617 7.046 -3.393 -8.97 -7.526 -9.038 -8.812 7.366 9.691 6.683 -8.849 1.038 
9.881 2.718 -4.588 7.017 -5.986 0.965 8.317 4.293 -2.138 7.408 4.619 -3.559 7.283 -1.166 -4.935 8.043 -2.476 -5.582 7.307 6.523 -6.962 -4.155 -8.995 -1.49 8.029 3.45 0.483 -1.261 -7.141 0.325 5.613 -8.088 8.954 5.892 -5.558 5.258 7.99 -9.403 9.527 -2.458 -0.07 -5.787 4.033 8.872 -1.158 1.639 -6.655 4.908 -4.508 2.151 -6.711 8.918 1.306 -9.284 -2.995 5.641 -0.401 3.306 9.107 2.009 6.844 -7.938 7.954 1.516 9.28 0.692 4.712 -8.581 -1.698 -4.295 -8.681 -5.105 1.85 4.838 -1.423 3.932 -1.605 -9.51 0.263 500.593 5.159 3.013 -0.475 -2.01 -7.17 -3.605 -0.25 1.926 -4.679 7.155 -6.297 -8.022 -4.995 -3.78 1.91 -7.078 -8.623 -6.922 -5.865 6.455 4.251 
-3.796 5.292 1.348 8.539 -1.439 -0.822 -5.442 -5.803 2.61 -0.791 -0.872 -7.259 6.258 -3.268 -4.254 4.876 1.008 -6.404 -3.331 -5.149 9.551 -8.396 -5.968 4.71 -5.006 -9.204 0.916 4.114 0.718 -1.474 3.946 -0.874 -6.705 -5.707 9.945 9.134 -0.016 8.913 8.549 7.543 -2.973 0.824 7.746 8.902 -4.68 7.227 9.9 -7.202 5.955 -6.797 2.124 3.164 9.741 -1.902 -3.253 -9.42 2.003 5.19 -4.852 -5.325 -3.196 -1.984 1.359 -6.074 -6.827 -5.275 0.624 0.958 -9.979 -9.556 2.49 -7.138 6.119 6.868 8.025 -1.895 -3.126 8.165 -3.601 -5.722 490.186 -7.241 -2.654 4.234 -6.845 -8.314 2.898 -7.903 3.629 -4.068 -5.67 -4.847 -1.691 -2.45 -1.632 2.837 7.748 2.323 0.516 9.823 -2.49 
-7.292 6.624 -0.431 -4.727 -2.429 8.203 1.149 -2.637 -7.841 -1.255 -6.149 1.883 -9.648 9.034 -2.54 9.385 -5.035 1.827 -9.929 2.029 -1.852 0.163 -1.039 -2.98 -8.185 -6.306 -4.879 -3.624 8.568 -1.027 8.443 5.804 8.035 -8.989 0.247 -5.285 -6.489 5.501 -4.82 -0.714 9.458 -6.229 5.469 -9.054 -8.309 -4.182 -2.908 3.773 -1.045 0.717 9.652 -3.947 7.149 8.252 9.536 -6.405 -4.448 -9.237 9.45 5.374 -1.777 0.04 6.45 -4.274 -6.894 -9.494 -4.672 1.512 -3.586 -3.035 4.546 -2.431 0.486 -7.098 -2.156 -0.784 -0.382 3.585 6.25 6.751 -9.79 493.596 2.425 3.543 9.159 6.608 2.098 -3.251 7.494 5.077 -4.186 -2.353 5.094 9.004 -1.709 -2.829 -3.334 -6.528 -7.599 1.52 -0.779 
0.106 -7.472 6.896 8.49 -6.352 8 -9.728 -9.465 6.877 -1.678 4.202 -8.826 -1.204 7.392 -9.285 0.761 -0.76 8.278 1.671 9.768 -9.928 -2.984 -0.359 7.147 4.343 -8.458 4.865 -1.268 0.588 -2.978 1.17 1.796 9.742 3.69 -5.645 9.529 -1.856 -1.21 -7.148 -2.476 1.655 0.354 -7.665 3.285 3.129 -2.753 -6.513 9.294 8.315 7.315 5.274 0.397 3.73 3.431 4.845 7.013 -5.911 5.865 -0.437 7.157 -3.348 -1.373 6.722 2.257 -4.907 -2.696 -7.905 4.479 6.548 -3.591 9.792 -3.479 -8.01 -4.647 2.747 8.809 2.363 3.904 -4.295 3.552 0.684 0.356 473.997 0.285 -6.198 -1.379 -1.115 3.362 6.605 -5.933 1.627 -1.761 -3.889 2.163 9.483 -9.513 -6.704 -1.134 -2.539 9.108 -3.611 
1.936 4.066 0.999 -9.771 6.112 -3.164 -0.373 -1.303 -1.413 -7.658 -4.056 -3.723 -7.342 -9.149 -2.322 -3.264 2.815 9.13 -3.953 3.236 -0.766 -8.316 9.355 -9.428 1.135 4.855 3.723 -9.364 5.467 -0.685 4.878 1.933 -1.286 -0.27 1.502 5.069 6.436 -5.673 -7.151 -2.102 -2.241 -8.35 -8.826 6.352 0.102 6.935 -7.022 -0.008 -6.764 -3.617 2.144 4.9 1.173 -6.018 2.755 0.803 5.359 2.635 -0.282 -5.842 3.343 8.969 -8.734 -5.569 -6.681 9.565 9.007 6.907 -3.138 -4.797 -1.63 -7.891 -0.312 -0.662 -4.83 9.275 -6.6 -2.86 2.426 -0.685 -0.023 2.277 5.682 453.501 -4.858 -9.999 4.778 -4.29 -3.237 -2.793 5.338 -2.219 -9.915 -7.264 4.212 4.232 2.882 -5.432 -0.3 8.489 0.472 
-0.437 0.658 3.104 -5.142 7.686 1.179 -3.672 9.156 3.705 -0.015 8.765 0.012 8.994 -3.39 -8.947 -0.439 -2.898 0.943 4.803 0.271 -2.91 9.175 1.01 -6.085 -5.858 -5.028 -6.352 4.133 -6.566 -7.954 -3.918 7.057 0.438 -9.01 5.423 3.955 3.666 -9.348 -6.869 0.096 4.326 -7.717 8.906 -5.208 1.448 3.311 9.329 -0.984 -9.274 6.844 2.715 9.047 -9.33 -7.146 -2.698 -2.735 -9.386 -2.513 -8.848 -5.487 1.714 -1.935 9.047 -7.606 4.262 3.068 -5.822 8.378 2.489 -1.237 0.571 -8.174 1.486 7.134 5.958 4.78 9.935 -6.644 -5.792 7.842 7.085 -4.659 1.435 -1.514 485.218 -7.306 0.567 6.843 4.683 7.952 -4.606 -7.728 0.689 -0.947 7.063 2.994 -2.833 -1.241 3.444 0.583 2.206 
4.982 -8.7 6.936 -3.25 -0.594 7.057 -5.642 4.492 -7.959 0.213 4.164 -8.157 8.531 -1.524 -2.536 -0.547 -7.621 8.832 -3.738 -8.973 1.014 2.743 9.138 -1.687 0.963 -1.211 -3.233 -3.762 -4.741 3.442 -1.227 -7.327 4.321 -4.111 -3.157 0.278 5.341 8.575 8.12 -8.483 -5.405 1.587 7.609 2.135 -7.88 -3.95 8.654 3.29 -1.163 -0.626 6.485 8.007 2.47 3.49 -8.542 -6.291 -9.478 6.157 5.77 9.375 6.056 -5.051 -9.702 -6.831 -4.787 3.714 6.651 -5.558 4.132 2.12 3.61 -7.446 7.353 -9.714 6.844 -5.728 9.805 2.592 6.101 -8.714 0.11 -2.597 -4.927 9.955 4.214 534.952 5.656 6.436 -4.745 2.01 -9.407 -7.869 -1.916 -2.07 6.271 -3.261 5.009 8.98 -9.054 9.186 -6.895 
2.697 0.316 2.814 4.078 -3.822 5.472 2.591 6.044 -2.484 9.96 4.99 2.475 2.694 -4.14 -4.135 2.934 -3.667 -5.207 -9.778 2.869 4.97 7.957 -4.162 -5.255 1.808 2.13 8.832 2.303 8.32 8.324 4.218 -3.678 -7.787 -1.624 -1.204 -8.24 0.928 -5.985 -6.185 8.114 -4.773 -7.207 -9.555 -2.397 -1.671 -4.23 -7.614 9.006 -7.328 -7.052 6.823 -1.05 -1.428 4.183 7.48 7.001 -3.115 5.684 -8.37 -3.952 -8.766 -4.822 6.734 5.316 4.441 2.441 1.733 9.738 8.521 -3.868 -6.927 6.48 -2.079 -7.255 6.166 -2.913 -8.366 -1.055 -0.739 2.013 -8.569 -5.29 -1.398 -6.752 -9.384 -8.585 500.569 0.253 0.581 -3.641 -4.775 -5.343 0.879 3.229 -5.099 9.922 2.608 6.615 -5.021 3.614 4.616 
5.143 2.004 -2.625 -0.225 4.119 -0.657 -9.698 6.995 2.669 -2.49 4.928 2.299 -7.952 5.614 8.48 7.931 6.983 -6.285 0.311 -4.255 -9.633 9.985 7.042 -8.244 0.624 6.434 -8.631 -5.325 -7.891 -5.239 -5.786 -7.85 3.912 -9.071 -9.795 3.359 -6.902 4.744 2.43 -7.971 4.663 9.02 -5.973 0.113 2.395 1.841 -8.686 9.073 -7.65 -5.033 -3.93 3.086 -6.221 1.624 -7.031 6.484 -8.856 -2.282 -7.702 -3.666 -4.784 -8.089 7.77 -9.667 -8.698 2.096 -5.408 0.013 -1.728 -1.558 3.878 -0.201 3.34 -3.508 6.132 -6.499 -5.576 7.744 -1.341 1.64 4.469 -0.341 -0.334 5.298 -9.784 2.247 5.226 510.92 -8.287 4.172 4.373 8.518 -1.783 7.733 -7.691 -0.557 1.195 -0.856 -7.97 5.811 5.74 
-9.365 -2.159 -1.977 -0.241 -1.829 -7.469 8.262 8.243 4.051 3.29 6.236 -3.779 -1.039 -8.009 -0.493 7.928 8.566 8.527 -6.734 -0.321 9.47 1.629 -4.85 0.418 7.537 -6.101 8.361 7.72 -5.94 -6.099 -7.922 7.252 -3.818 8.625 -0.567 -3.005 4.585 0.755 -9.818 -8.555 -6.356 6.925 -2.225 -4.43 7.109 -4.514 8.613 -6.518 5.789 -4.683 5.103 -7.433 2.844 -9.184 -6.525 0.26 6.955 -7.563 2.379 7.686 -5.991 -2.969 -1.108 -7.924 -6.146 7.695 4.864 8.171 -9.683 8.989 8.407 -2.276 9.817 -9.908 -7.145 5.814 -3.206 -4.166 8.673 -7.206 2.605 3.543 -7.44 -8.436 8.622 -7.753 -7.622 1.236 569.886 -9.987 6.57 -9.675 3.727 -4.936 -7.632 5.287 4.204 6.815 -1.635 3.512 8.802 
-6.09 -6.191 -0.211 9.375 0.324 -8.037 -0.531 -9.161 -2.943 4.152 -2.498 -4.179 -0.312 -3.242 0.291 4.378 6.067 -2.408 3.027 -5.311 1.915 0.549 -4.671 7.497 7.823 -6.567 7.368 2.113 -4.094 -3.043 4.95 2.64 6.211 -8.144 9.233 -0.209 -9.468 0.633 9.593 -8.926 4.417 0.578 -3.397 -9.921 -3.075 -4.449 6.185 -5.78 -7.923 5.42 -4.321 9.534 -4.014 4.106 7.928 -9.016 -0.745 9.844 0.424 7.23 -4.436 4.61 3.141 -0.102 4.184 -6.459 0.889 -0.818 6.754 9.755 -6.13 -0.096 6.737 5.161 -6.466 -4.798 -6.224 3.616 -0.026 8.611 4.569 9.246 1.747 -0.487 -3.131 -0.215 -0.621 1.855 -6.104 454.788 -0.239 -8.544 -7.31 8.204 0.206 3.385 1.852 -0.867 -1.824 -2.387 1.621 
5.487 -1.499 2.382 -8.611 -5.715 -8.324 -3.515 -9.142 -3.849 -9.517 -7.371 -6.393 -4.594 3.387 -7.906 -3.373 3.011 3.632 -8.24 6.63 8.436 2.882 0.091 3.554 3.424 1.745 9.191 1.584 -6.193 -8.237 -1.461 -9.111 3.353 -4.133 -5.847 8.479 7.074 -2.768 -9.285 -7.635 -9.476 0.136 3.572 -0.364 -3.69 -9.395 -7.445 -3.871 9.372 -0.45 -9.804 -6.975 8.543 -3.459 -6.797 -5.988 -6.499 -1.503 -2.071 5.602 3.402 4.323 -1.879 -7.304 -3.662 3.854 -3.666 -8.287 -2.79 -2.508 9.219 4.371 5.697 1.502 -8.757 6.641 5.699 3.196 1.439 -0.549 -7.038 -9.918 -6.563 0.386 -1.427 7.555 0.266 8.931 -7.434 0.807 528.875 -8.258 4.1 8.386 9.612 8.959 -7.493 -2.82 6.746 -2.234 6.956 
4.52 5.209 1.568 -6.581 9.313 -1.309 7.514 2.668 8.152 -0.376 3.973 -4.552 7.152 3.397 -4.223 9.274 -2.496 7.115 -2.846 -6.748 5.093 5.483 -1.828 -3.152 7.311 -5.215 -6.637 -1.548 3.794 5.04 0.395 2.924 6.584 1.27 -9.191 5.899 9.584 -3.804 -5.488 1.9 7.244 -1.242 5.028 3.144 -2.004 5.513 3.533 -3.571 9.295 5.279 -3.803 -3.406 -2.052 -8.69 1.639 -3.205 -8.002 -0.163 -6.915 8.183 8.521 -1.004 -6.713 4.59 5.495 -2.042 -0.641 1.395 5.291 -7.513 -0.623 2.037 2.334 -9.755 -7.08 0.458 -1.838 6.784 3.703 -6.731 -6.65 -8.493 -5.989 -8.452 7.665 -8.203 -2.121 8.904 -2.636 -6.959 2.764 484.112 -8.343 2.487 7.94 -9.764 -0.863 -4.351 -8.091 1.075 -0.603 
-9.165 -5.615 -4.963 5.973 5.348 -8.012 -5.069 -3.305 -5.996 6.71 -9.111 3.708 -1.712 7.551 -3.251 -8.309 -3.757 -8.167 1.432 -7.706 -0.36 -0.267 5.67 -8.913 -6.933 -0.397 5.86 -9.351 2.393 -3.911 -2.1 -6.133 -5.233 7.306 -1.108 8.526 -7.345 2.164 5.221 -8.005 -9.637 4.476 1.817 -6.929 -6.924 -3.468 9.264 6.99 -4.332 -8.38 2.983 -0.828 1.345 -7.709 1.819 -6.574 8.654 9.187 2.165 1.148 9.476 3.839 8.13 9.473 0.32 -1.892 -1.719 8.394 -5.43 2.766 -4.858 -0.472 -5.713 -1.752 4.897 -7.473 -3.224 -8.317 -8.367 -0.972 -6.707 -3.928 2.985 -1.368 5.139 9.826 -7.8 -3.48 -4.181 -2.114 5.374 -1.822 531.673 9.248 2.051 -6.933 -8.974 9.948 -7.638 6.182 1.942 
4.543 4.066 5.224 -8.196 2.93 -9.801 5.126 -8.773 -1.565 -6.443 -1.932 -5.835 -8.984 3.725 -7.854 7.681 -3.198 -3.894 -8.321 -2.353 1.308 1.572 -0.323 -8.971 4.561 6.327 0.906 -6.282 3.991 -0.187 3.482 -0.762 -3.437 1.141 -2.075 -5.832 -7.075 7.868 -0.809 7.185 3.213 4.828 9.368 0.433 -3.308 5.3 -3.403 4.222 -4.444 -8.031 9.21 9.104 -3.038 0.917 -6.83 -7.042 6.795 8.346 -4.405 -5.055 -6.352 -3.262 -2.503 -6.902 -7.815 -5.124 4.808 -2.251 1.283 4.42 -1.653 -0.847 -5.732 4.671 0.609 4.369 6.089 6.712 0.062 5.861 5.382 8.279 2.114 2.231 -1.818 1.517 9.988 0.138 4.422 7.214 -1.557 5.684 -1.636 463.602 8.634 3.4 9.784 0.821 3.323 1.492 3.964 
-1.725 -6.938 -4.535 -3.419 7.859 4.813 3.174 3.527 -9.305 -2.929 2.247 -1.079 -5.321 1.977 -7.66 -4.656 -0.23 0.275 0.95 -3.399 1.639 1.411 -4.353 6.151 9.612 6.471 9.678 -6.222 8.312 -0.983 -8.332 -8.978 -6.052 4.956 -7.972 -5.2 3.454 9.351 -3.773 8.232 7.468 -4.588 8.208 -2.174 -3.356 -1.08 -3.991 -3.001 -5.182 9.941 -3.976 -2.661 2.316 2.92 -7.596 1.039 7.965 -3.896 3.679 0.641 9.376 -8.235 0.012 5.512 7.616 9.756 1.348 8.395 -5.395 -1.291 9.266 -0.058 9.411 -8.459 3.47 -5.695 3.06 4.903 7.638 4.667 0.58 5.849 -1.272 4.002 3.671 3.216 -1.126 3.435 -2.222 6.081 9.645 -1.779 -6.764 7.147 493.364 9.681 1.797 -4.968 8.777 -9.657 7.02 
-1.523 -0.899 9.848 -5.759 3.432 -6.62 -0.841 -6.315 5.234 6.075 -8.861 1.118 5.884 -3.509 1.073 -0.59 7.546 6.531 -3.573 -2.312 -8.971 -3.916 -8.904 1.68 1.704 -5.177 -2.735 -0.23 8.434 -8.388 -6.491 1.846 -6.363 7.199 -4.36 0.435 0.738 1.117 -9.791 6.583 9.028 9.449 9.707 6.546 5.356 -3.388 -6.82 9.614 -2.911 -8.711 6.313 -7.76 1.43 4.377 -8.993 9.141 -7.563 -4.916 -3.963 -1.852 9.001 0.244 7.605 -7.679 4.539 -8.528 -8.582 -9.793 -7.669 -5.046 -3.616 3.115 9.159 -0.53 -5.895 -3.122 4.347 9.663 -1.952 -5.167 1.278 -6.356 1.607 8.596 -5.854 6.666 -4.769 -6.298 -6.068 5.92 9.363 8.296 4.528 5.437 2.169 544.849 -7.579 -5.392 8.824 6.824 -8.5 
-7.375 -3.351 -1.655 -1.769 7.259 2.076 2.702 -8.989 -5.749 5.864 2.918 -3.283 -0.016 5.682 -3.279 -2.237 2.603 8.084 -5.988 7.552 -9.285 6.073 -9.767 6.625 -6.989 6.613 6.387 9.462 0.748 1.749 4.934 4.563 -6.497 -4.959 9.562 -8.802 -7.319 3.588 -8.789 -2.321 6.986 -4.814 -7.228 8.02 -0.64 -9.992 -9.5 6.563 -4.105 -3.307 -8.528 -6.573 -6.23 3.835 3.299 7.563 7.498 9.614 4.838 -1.247 0.57 4.669 -5.229 -4.922 3.081 6.286 -1.283 -1.838 -5.035 -4.383 -5.096 4.925 -0.806 -6.142 -6.516 1.659 -0.366 8.189 -4.823 3.87 -5.821 3.773 1.252 3.67 -4.593 -5.8 8.68 -4.593 -1.829 9.545 1.893 -0.222 6.393 -1.494 5.647 -3.151 509.887 9.158 -7.676 9.196 5.267 
1.357 7.823 7.669 -6.589 8.505 5.548 9.425 4.463 -1.654 -4.765 -9.808 6.54 4.611 3.544 3.687 -1.174 9.899 4.796 1.354 -9.553 -1.18 -5.883 -9.717 -0.556 -3.248 -5.829 6.244 8.858 0.184 5.616 -8.199 -5.56 -6.011 7.847 4.17 -7.255 -3.976 -6.39 -2.193 3.211 -9.947 -1.215 -7.306 -6.662 4.306 6.906 -9.156 2.171 4.847 6.936 0.772 -5.949 0.455 2.341 -7.489 1.944 -1.124 9.709 -5.806 -2.346 -6.946 5.937 -4.678 -5.154 -9.633 4.455 1.539 -9.979 7.885 2.988 -8.946 -3.52 2.344 8.053 -6.161 6.776 4.767 4.666 -8.723 -9.729 6.59 3.679 -3.839 -5.826 -3.364 3.716 0.786 8.765 -3.539 9.826 -5.698 0.532 5.329 -3.173 9.617 -9.466 5.502 535.031 4.81 -0.443 -6.478 
-5.628 -3.503 -6.179 -0.184 1.533 -8.127 -2.728 -1.759 4.534 -5.498 9.162 6.609 -3.117 -3.892 8.621 0.911 -5.505 5.983 -5.347 -5.082 1.049 5.834 2.713 9.066 6.991 -6.471 0.154 -0.355 7.326 -6.278 8.876 8.596 -1.361 -6.809 -0.813 6.921 -3.204 9.206 -9.879 -1.986 3.299 0.357 -1.628 1.118 0.537 1.021 0.519 9.711 -6.055 3.011 -8.649 -5.257 2.588 0.907 -5.101 -1.495 8.758 1.23 -5.87 1.287 -8.152 9.831 -9.672 0.065 -7.853 -3.285 3.8 -3.88 -3.869 -6.947 3.815 6.79 6.387 1.208 7.601 -4.504 -3.423 -4.649 -4.288 -6.287 -5.406 -2.38 -5.738 8.754 5.612 -7.256 -6.759 -7.982 0.728 -7.321 4.585 3.794 -3.329 2.04 -6.379 -7.254 -2.665 4.959 478.713 -9.098 -1.118 
-8.767 8.256 -3.274 -2.917 -1.396 -4.994 -5.083 5.194 -1.714 4.043 6.296 5.953 2.943 -8.567 5.208 -6.368 -6.567 -1.534 -6.307 9.83 9.325 5.261 6.738 -1.762 -2.213 -7.024 -7.471 -3.921 7.779 -0.675 -0.398 9.766 2.802 0.432 4.346 -1.571 7.312 0.97 -0.444 -4.293 -0.549 4.059 -2.463 -2.447 -4.137 2.622 -0.268 -8.206 3.18 4.646 8.921 3.816 -4.894 -3.743 9.75 1.945 -5.928 -1.442 -1.318 6.007 -7.91 6.845 5.411 -7.01 -3.323 -5.865 -5.629 -5.114 -5.368 -5.151 7.179 -4.503 8.969 -0.944 4.671 -4.625 2.443 2.853 -9.338 7.037 -5.118 -3.745 8.638 6.225 -9.066 6.407 -2.715 -0.795 -0.138 -9.04 -8.888 -9.023 9.641 -5.845 -1.637 -5.267 -6.084 -3.57 0.003 495.221 2.244 
