50 0.001
209.297 3.58 -5.091 8.496 3.508 -5.515 -0.297 8.079 -5.316 -0 -9.26 1.197 -0.799 -2.608 3.156 -2.123 -3.311 5.367 1.582 3.815 1.574 -0.823 2.214 -0.474 -0.677 -7.344 3.072 4.867 8.968 9.214 -3.117 -3.407 -1.136 -7.94 -5.625 1.365 5.12 -9.749 2.313 9.521 -2.329 1.66 0.199 5.999 7.67 -3.459 2.34 -6.08 -8.301 6.083 -2.156 
3.215 295.473 -9.863 -4.426 9.747 7.918 9.678 8.284 -4.469 -3.781 8.864 -4.309 3.575 1.666 6.428 -3.829 -1.371 8.92 -9.8 4.906 -6.955 4.973 -8.321 -3.444 -8.738 -7.086 -6.345 9.563 -4.586 6.923 2.973 5.688 -5.46 -4.967 -5.448 -1.224 -7.076 -1.845 9.893 -4.712 -0.72 -6.02 -6.436 5.799 -2.169 -7.433 -5.47 -8.555 -5.25 6.804 5.704 
-0.984 -4.627 250.662 4.975 -4.575 8.477 -8.348 8.434 -0.696 -2.723 -4.585 9.231 7.418 -3.138 -0.686 9.112 -2.345 -0.461 -1.321 6.411 1.207 0.315 8.505 6.838 -4.65 -0.312 7.528 8.354 2.312 -9.804 -3.36 -7.225 -9.685 -7.354 4.171 2.854 -3.441 5.556 8.329 -2.331 8.731 7.042 7.953 1.505 -8.432 2.264 -3.235 -8.225 8.065 1.472 3.404 
1.112 3.84 9.797 240.522 -9.337 -9.537 -6.193 7.51 3.977 -3.747 -1.423 1.256 -7.956 -5.066 -9.35 4.354 -6.017 -6.036 -8.33 4.108 -6.953 -3.119 -5.632 -3.03 2.778 9.468 2.524 -0.387 9.947 3.084 6.755 -1.785 2.079 3.597 3.181 -7.51 1.715 7.592 0.457 -9.204 -3.031 -1.129 2.129 0.557 -1.474 7.737 -4.098 -5.74 6.914 3.133 9.181 
0.689 -6.533 1.097 1.633 204.573 -4.242 -4.729 0.572 2.112 -5.254 -5.35 6.735 -0.051 -6.312 0.059 -0.888 -2.539 -3.209 -2.571 8.175 -1.213 -0.431 5.236 -8.227 -2.852 -2.083 3.237 1.052 -3.564 -0.761 -3.581 6.606 -0.719 9.748 3.897 -7.631 4.232 0.854 1.528 -9.864 -7.264 4.564 9.143 1.185 -2.209 -7.101 -1.47 -6.93 -9.533 -0.451 6.698 
-2.064 3.363 -9.549 9.137 -2.79 292.16 -7.069 -5.033 -7.529 7.334 -9.465 -9.429 0.727 -9.806 9.499 1.231 0.417 -4.711 5.45 8.768 0.708 9.891 6.338 7.268 5.375 -0.672 9.428 -6.399 -5.5 -9.12 -3.581 1.378 9.649 -0.355 7.226 9.953 3.776 3.697 -7.357 -8.93 5.756 -1.526 8.803 -5.064 -8.691 1.051 2.274 4.777 6.988 -6.213 3.607 
1.976 -6.175 -0.703 6.426 3.647 -9.981 239.509 1.882 7.134 2.08 0.092 8.891 -3.396 8.068 -0.805 9.546 -3.483 -4.13 -7.182 -2.682 4.812 1.846 -7.84 2.916 6.791 5.6 -4.11 -1.626 8.433 -6.355 4.77 -0.367 0.897 6.716 5.952 -3.601 -5.802 5.589 6.713 -5.284 -2.658 8.475 0.72 2.506 -5.349 9.418 -3.538 1.195 -6.437 1.576 7.101 
-2.082 1.9 -6.264 -0.422 -7.492 4.406 9.974 195.262 9.647 -1.89 -5.306 4.664 6.584 -7.329 2.015 -3.208 -6.261 -0.148 2.746 3.229 -1.901 2.181 -0.033 9.846 3.534 1.495 -7.118 1.082 0.346 -0.45 -2.252 -0.066 0.086 0.477 -7.605 3.028 8.469 0.571 -8.23 -7.824 -0.846 4.756 5.907 -5.759 -5.748 1.053 -1.115 -0.354 -6.428 -5.544 -2.429 
3.973 9.855 -7.677 -7.485 2.615 -0.006 8.35 -1.773 273.171 -1.088 6.031 -0.727 5.028 3.937 -8.734 0.607 -0.548 9.995 2.801 -3.956 -2.668 -1.133 -7.507 -9.655 -8.431 2.991 6.564 5.001 4.065 -1.494 -8.789 -9.457 -6.273 -4.551 4.259 7.915 -8.407 4.381 -3.915 9.435 9.464 8.173 7.656 5.834 2.135 -4.713 1.277 -9.922 -9.893 -3.378 -9.471 
9.633 -8.188 9.876 9.587 9.998 -7.121 1.561 1.464 4.123 266.128 -2.364 1.42 -2.083 7.963 -1.609 -3.938 -3.77 8.775 -5.086 -0.767 8.818 9.238 -6.834 8.03 -1.556 -8.687 9.696 5.82 5.044 -7.302 5.012 5.999 4.809 4.428 -0.392 -4.353 1.153 -5.116 -0.193 -8.229 -4.338 1.432 5.794 4.508 -8.512 -5.797 2.639 -8.598 -0.928 -2.176 6.559 
4.638 -3.591 -6.646 0.565 5.617 4.707 -6.339 -9.981 -6.06 4.023 228.79 0.183 -1.869 -4.605 -0.848 -3.284 -1.862 -5.555 -5.439 3.36 3.078 2.474 5.647 -2.092 -8.63 -3.471 4.385 -0.374 -4.828 7.585 -2.08 5.978 6.597 0.391 9.675 7.501 -8.095 -8.806 -1.284 8.86 1.632 0.21 2.442 -8.594 -0.385 -5.384 -3.333 7.937 1.901 -5.218 -0.677 
-2.274 -8.451 -0.794 -8.814 -0.919 -4.386 9.638 -0.509 -7.188 -8.598 8.363 241.158 9.755 -2.706 9.652 -9.678 -0.869 1.666 2.349 -6.285 3.215 9.929 -1.558 0.949 7.242 1.598 -9.204 -1.153 -7.423 -1.603 -4.255 2.027 7.385 4.492 -3.434 -0.93 8.32 -1.805 7.187 9.632 -0.77 -9.21 2.001 1.932 -1.59 2.638 7.291 1.004 4.653 -0.694 2.522 
4.141 1.171 -4.371 2.758 5.181 8.829 -4.553 5.818 5.84 -6.423 6.537 -7.429 284.21 7.368 -3.056 0.139 -2.435 9.828 -2.23 0.38 -8.667 -8.696 4.986 8.826 -5.054 -9.645 8.487 0.078 8.343 1.718 -8.788 -4.94 5.316 6.496 1.956 7.753 7.015 -9.844 9.58 9.499 -5.752 5.902 -6.618 7.463 -3.16 -8.896 -5.291 0.516 7.672 -7.358 8.227 
-8.568 3.428 7.784 -9.607 -6.317 -3.205 1.436 -0.302 4.559 8.059 -7.058 0.969 -6.804 284.616 -7.06 -6.846 3.959 -5.834 -8.004 -2.745 -6.41 -5.255 -0.158 -8.87 9.591 -8.884 -9.578 2.557 4.475 8.09 -9.338 9.4 7.954 8.449 -7.528 3.588 -0.282 9.731 -7.955 -8.294 -0.888 -8.836 8.318 9.11 -5.113 -0.984 3.316 -3.21 -1.916 2.565 1.114 
-5.764 -5.223 -0.728 1.097 -2.788 -8.059 6.868 -1.453 6.377 4.71 6.605 3.162 1.171 9.334 257.554 -7.381 -7.222 2.36 4.342 0.702 -8.752 -5.324 2.563 9.677 -1.757 -8.53 3.697 -3.579 0.543 -6.445 -0.237 -2.301 -2.516 2.471 7.726 -6.447 6.713 -3.137 -9.908 9.385 -3.046 -9.129 -3.828 7.142 -6.081 6.613 -7.455 -6.111 -3.931 -7.693 5.887 
0.613 -4.822 -0.945 -9.798 -3.038 -5.966 2.239 -5.95 -5.211 -9.787 4.966 -9.318 -3.095 7.607 1.872 262.2 3.368 2.542 -4.563 8.279 2.55 -7.47 -7.779 2.399 7.325 -0.742 5.671 5.943 -9.883 5.631 -1.819 5.223 -0.773 9.316 -2.143 -8.257 0.683 -4.07 -8.703 5.241 4.801 -6.128 2.721 8.213 4.696 9.774 1.896 -7.598 -4.81 -1.355 -1.427 
-5.124 -4.011 -0.481 -2.417 1.526 -9.442 5.735 4.402 -8.377 5.828 -7.924 1.321 8.46 5.934 -0.743 -9.919 218.5 7.476 -0.913 -6.563 8.303 2.499 7.793 2.87 3.02 -0.124 -0.582 4.589 2.399 -7.527 -8.463 1.768 -1.396 -4.356 -1.104 -4.243 1.39 -1 -2.887 1.907 -2.696 7.835 8.186 -3.316 1.003 3.197 -7.699 1.911 -3.015 0.336 6.343 
-5.009 -5.928 8.491 -6.404 0.364 6.634 -9.599 -3.016 -8.104 -1.409 3.768 7.546 3.97 6.74 -3.593 6.21 7.246 290.788 4.499 -6.935 -7.252 -2.967 2.298 -9.318 7.838 -9.273 8.328 -3.971 9.436 -7.223 7.984 -5.103 9.754 -5.038 -3.538 3.142 -7.125 8.089 -6.944 -2.409 -3.259 -6.544 8.141 6.132 4.367 3.129 -2.504 1.274 -9.402 -2.471 -4.814 
6.253 -6.747 -4.22 -1.157 -9.786 -3.275 -0.493 9.526 1.823 -0.08 -0.234 -6.719 0.894 -6.69 1.467 0.508 -9.283 8.112 251.307 -8.525 0.615 -4.954 -8 2.651 -1.054 0.019 6.15 -1.857 -5.147 8.491 6.353 9.214 7.683 -0.224 -9.008 0.912 -3.38 0.103 2.368 8.982 9.961 8.999 9.948 2.543 -6.645 -2.594 -8.824 8.386 9.414 -2.101 -0.039 
7.305 7.492 -6.802 1.683 0.211 1.729 9.064 5.686 1.043 -4.893 -2.649 7.697 -7.69 -2.658 -8.303 -6.077 4.753 7.614 6.344 274.071 -8.807 -0.391 -4.051 -4.743 6.936 -0.931 -4.057 -4.402 6.2 2.481 3.089 -6.955 -4.834 -9.301 1.127 5.957 6.619 -5.555 4.796 -3.735 -1.453 -9.962 6.989 -8.301 9.664 3.15 8.47 -9.739 8.498 -4.022 7.297 
9.488 8.964 6.01 2.777 -0.476 2.023 -1.4 -5.459 1.363 -7.772 6.466 6.271 -3.399 -5.014 2.759 0.044 0.176 3.972 -2.066 2.551 222.208 -8.581 -4.185 -5.244 -2.618 -5.136 9.108 0.734 9.892 -0.985 6.064 -3.801 5.54 2.148 5.854 4.547 -4.689 -4.72 9.235 3.624 4.596 -0.652 3.217 9.984 2.528 0.705 -6.326 -0.957 9.036 -1.513 -1.748 
6.077 8.732 -6.593 7.014 0.05 -0.385 -5.956 2.632 -3.896 -0.23 -8.018 -3.3 -8.139 7.373 -9.656 2.42 -1.985 -8.482 4.984 -5.283 6.346 272.259 1.183 3.059 -8.141 2.875 -5.898 2.279 -4.903 -3.702 4.868 -9.625 3.099 -6.307 -9.349 -4.828 -6.942 8.007 -3.25 -7.199 1.405 7.642 -8.571 -9.952 -7.116 -3.773 0.147 -0.024 9.108 -9.545 -5.19 
-5.844 -2.223 -4.177 -0.174 5.966 0.809 9.954 -8.01 6.599 -1.409 -4.59 0.149 1.871 -3.878 -2.966 7.421 -8.557 -6.88 9.153 5.702 -5.861 0.517 256.426 4.759 -9.942 8.933 3.389 6.833 -8.965 7.236 9.291 -2.675 -5.983 1.247 8.134 0.647 8.159 -7.253 -1.142 -2.982 -4.276 7.187 0.171 -9.264 9.344 4.828 2.924 3.388 3.738 -5.486 -7.956 
8.697 -8.108 7.832 7.176 -8.055 4.601 2.322 7.972 -4.563 5.805 -4.594 -3.17 -3.283 -5.581 7.552 7.475 8.156 -4.523 1.195 1.505 1.191 7.299 1.273 280.323 -9.845 -6.513 6.855 9.074 -9.181 7.232 -9.514 9.048 2.492 3.007 9.558 2.66 9.32 -3.517 4.976 -1.956 -3.625 -2.713 -3.682 4.201 9.183 1.268 -0.131 4.422 -8.446 8.971 -3.867 
-4.146 -4.721 -3.178 6.411 -7.655 -8.481 7.817 -3.199 9.754 -4.195 -5.774 9.111 -2.072 -0.026 6.424 1.78 -4.733 -7.777 1.826 0.693 8.551 3.366 -3.838 5.21 251.754 -8.367 0.142 3.327 -5.693 6.013 2.664 9.048 -0.7 -8.62 -9.924 4.864 -1.916 -0.032 2.533 -9.854 2.649 -6.745 3.105 2.274 9.373 -4.098 -6.966 -8.492 -9.723 -0.883 7.449 
-9.467 4.667 9.825 8.728 -5.073 -7.28 -9.401 -5.676 2.193 6.823 5.636 5.094 -4.552 -2.497 3.596 -0.503 -0.608 -7.619 7.754 -6.111 -9.502 5.101 -2.531 -2.908 -4.866 259.621 -2.76 -8.594 -7.656 -5.638 7.185 -5.851 -7.025 -5.872 -2.261 9.178 -5.097 5.611 3.552 1.401 -4.709 -1.309 6.792 -1.042 -4.855 -0.045 -1.584 7.5 -1.138 0.686 7.537 
-7.974 -1.639 -6.425 -6.866 -5.571 -0.141 3.684 -5.181 -7.933 0.312 8.797 1.046 -8.159 -4.612 5.657 -6.035 -4.264 6.761 9.311 2.977 -2.55 0.605 0.801 -3.363 3.764 -2.801 257.862 9.541 -4.615 6.072 5.53 -7.662 7.544 -4.444 4.008 -5.945 9.359 -1.73 2.324 -4.933 -7.256 4.731 -0.871 6.331 6.628 6.157 9.447 -4.074 -9.718 -5.493 9.085 
-9.236 -7.124 -3.701 -3.426 -6.198 -7.385 -1.627 1.574 -5.131 -5.131 2.264 2.075 7.789 -6.287 3.085 5.658 -8.122 -4.337 1.977 -3.362 -4.531 6.048 5.771 3.349 3.586 6.601 4.871 234.861 0.623 0.569 -7.098 -6.188 -4.955 -8.226 1.916 -6.654 2.476 -7.754 0.354 -8.339 5.965 -0.577 -2.57 7.159 7.777 8.372 -2.731 -1.036 -4.227 7.081 8.85 
9.233 3.612 3.714 -4.667 3.947 -7.281 2.372 -0.493 4.42 6.557 2.512 7.129 -7.707 9.15 -2.68 6.362 -5.675 7.555 -9.362 1.787 0.787 3.979 -2.832 2.491 5.649 2.586 0.575 -1.724 245.591 -7.657 -9.923 -0.329 6.021 -7.06 7.014 9.721 -2.861 -5.279 6.859 -4.083 6.256 5.47 -0.7 -0.808 -3.828 -2.931 9.245 -6.453 8.802 3.182 4.999 
0.637 -4.442 6.355 8.822 6.516 0.931 -5.014 -5.754 -1.198 -6.833 2.253 -3.339 0.905 5.98 5.451 -2.524 -0.985 0.407 2.495 -1.038 -6.016 8.207 -2.802 4.039 6.481 -2.563 -7.469 -9.959 -7.124 218.461 -2.364 5.6 6.724 -0.164 5.883 -2.307 -8.689 8.5 -4.142 1.944 -7.599 -4.696 4.97 3.408 -2.852 -3.643 6.187 -2.604 -4.925 3.549 2.476 
0.077 -4.938 0.59 -1.465 8.624 -3.369 -3.846 -8.116 -1.372 1.337 -4.659 -0.784 -4.107 2.022 -5.05 1.377 -9.364 -5.082 2.334 3.918 -4.75 -4.335 -0.65 3.102 -3.7 9.63 0.43 5.436 8.686 -2.734 212.797 -3.558 7.976 -7.764 7.227 -2.066 -1.911 5.128 -5.732 4.709 5.848 -1.202 -3.349 -8.639 1.339 -7.259 -1.655 7.819 3.605 3.337 -7.25 
4.865 -5.552 -8.415 2.246 -6.71 -1.452 -4.91 9.023 -5.694 -7.595 7.162 -3.247 3.435 -6.662 -3.864 -3.556 9.915 2.132 2.235 -2.564 9.633 -3.05 -3.984 -4.124 -1.662 -1.093 -1.27 0.579 1.698 4.446 5.05 230.16 -2.574 -7.728 1.466 -3.151 -3.466 3.299 9.443 6.37 -4.292 0.918 1.511 -4.665 -9.131 5.885 0.529 -7.199 -6.833 5.206 -2.34 
-7.013 -2.388 -7.047 -3.575 -5.035 -0.395 -6.075 3.772 -2.396 -4.529 2.191 -2.368 -5.249 -7.699 -4.077 3.616 -6.978 -3.23 -3.211 -9.206 9.199 4.244 -5.933 -1.253 -5.297 2.814 5.712 0.827 -9.592 4.898 6.432 -8.149 240.611 7.299 6.209 3.31 7.818 6.971 -0.803 -7.988 -0.928 4.18 2.559 -0.817 -3.732 7.375 7.558 -3.856 -1.578 -5.206 -8.889 
-8.153 6.684 4.988 -1.608 5.72 -1.022 -8.001 5 2.172 4.371 -6.25 1.027 0.523 -0.022 -7.08 -4.715 2.739 -7.93 -5.457 5.35 7.755 -2.11 -4.628 -2.683 -4.014 -7.863 -1.819 6.108 -7.821 -8.59 -1.26 -9.435 -5.298 245.265 7.18 -2.046 -7.592 -7.347 2.62 1.023 -3.563 4.034 0.166 7.465 -6.386 4.823 -7.226 6.375 0.54 -4.228 -3.025 
3.062 -2.534 1.097 3.872 4.468 0.167 7.343 9.454 -2.395 -0.887 -4.992 -3.083 1.016 -4.286 -8.919 5.847 -2.694 -7.954 -3.37 1.384 3.098 -8.834 2.618 -3.118 4.289 -1.036 -2.834 -2.308 7.723 4.635 -2.196 -0.632 -9 -3.674 223.888 -0.367 -4.192 6.104 5.876 -2.407 6.986 -5.889 5.916 -4.013 9.472 -4.362 -5.551 -7.35 -1.646 6.79 6.821 
-6.563 -5.449 0.461 5.429 -0.96 5.249 3.363 -5.75 -7.798 -8.217 4.929 -8.184 -1.972 4.449 6.84 -2.604 -0.403 -7.221 -5.579 -6.41 -8.328 6.576 -5.212 -3.64 2.398 3.107 -2.858 -6.45 -4.759 4.457 2.632 -2.575 4.6 4.101 6.51 243.797 -7.149 -5.012 -6.337 6.783 4.028 2.784 -9.884 -2.217 9.901 -2.627 -2.287 -9.962 -2.099 3.346 6.97 
-2.821 -4.1 -6.068 -7.377 -1.003 -7.573 0.909 -4.215 0.75 -7.945 -1.943 2.126 9.064 -4.512 3.067 -6.167 -3.206 -4.283 -0.447 -1.44 1.112 6.528 1.29 3.634 -4.482 -9.797 -0.974 3.584 7.231 -1.596 -0.603 -8.165 3.286 -9.055 1.305 4.682 214.816 6.041 -5.83 -8.916 -2.894 2.537 4.559 -4.66 9.117 -0.225 2.961 1.383 -9.372 3.942 -9.13 
-0.055 -8.893 -0.185 -4.179 -4.23 -3.384 8.63 -4.732 5.515 -1.867 2.996 -5.793 9.13 -4.695 2.167 2.079 -1.275 2.912 1.806 -6.891 -2.672 6.301 8.976 -8.003 -3.678 -1.96 -4.416 5.832 0.397 2.903 9.964 -8.496 -8.679 4.695 2.783 -9.173 -2.614 242.987 3.081 -3.394 4.073 9.418 3.014 -7.934 3.31 -2.449 -4.255 -6.692 -6.376 -8.106 -0.06 
-8.429 7.697 -3.566 2.214 -4.002 1.008 -2.079 5.87 1.023 5.319 -9.147 -6.763 1.062 1.426 -9.705 -9.899 -8.214 6.757 -6.949 1.457 4.59 -2.019 2.184 4.622 -1.025 6.489 6.891 0.129 -2.817 -9.881 -4.277 1.296 -1.523 6.528 -1.743 -8.139 -3.312 -6.32 221.998 -2.229 3.912 1.147 3.39 3.979 -4.26 -7.727 -2.25 0.007 -1.079 -8.282 3.742 
1.083 5.509 9.268 4.884 -6.068 -8.584 2.745 -3.11 6.306 6.37 -7.878 -8.582 1.522 4.556 4.875 8.128 4.631 4.96 -1.122 -5.92 9.543 -9.665 2.415 6.924 -6.604 0.924 -6.872 -3.242 -3.872 5.737 0.291 -7.732 6.883 -8.218 -7.417 -9.142 -4.265 7.37 -5.609 282.467 -0.894 9.463 -2.298 6.069 -9.638 -2.993 3.737 -9.908 3.237 2.287 -1.232 
5.071 0.575 1.923 3.701 -0.73 4.666 -0.724 -3.634 -8.029 -4.607 -1.814 0.271 6.598 1.802 -1.459 1.734 -8.211 5.386 3.521 -8.567 3.127 1.625 1.413 5.195 7.184 9.069 2.218 4.282 -2.441 -8.741 7.985 -1.373 6.924 -9.942 -5.783 -3.809 6.514 0.262 1.193 9.573 223.065 4.863 -1.332 7.011 -6.906 -2.076 -4.814 -0.921 4.444 7.747 -5.907 
8.564 -3.127 -7.626 0.324 -1.951 -2.595 -4.467 5.247 3.767 0.268 2.023 -8.452 8.399 -4.774 -5.925 -6.661 1.924 -5.173 -1.687 1.802 8.066 9.918 9.151 -5.931 9.46 -3.019 0.724 -6.969 -8.907 8.245 8.993 -7.576 6.491 4.393 4.658 7.007 9.247 -3.351 -0.356 1.121 3.616 260.008 -4.815 -9.374 -7.739 3.529 7.905 2.975 -3.342 1.712 1.796 
-3.771 -3.067 8.624 -1.226 -4.011 -7.581 -2.94 -6.516 9.272 -2.575 -8.308 -3.319 -7.92 -3.084 7.079 2.257 8.635 -9.087 9.17 4.189 3.923 8.686 6.614 5.148 8.34 -8.823 7.908 8.629 1.957 1.378 -3.195 -6.958 1.546 6.885 -1.936 -2.739 2.141 1.417 8.338 6.288 6.755 -7.151 286.972 -7.05 -7.175 4.105 -2.026 6.996 -8.008 -9.708 0.3 
1.041 -9.509 -8.667 -2.179 -3.872 5.891 -8.765 -8.652 9.872 7.278 9.8 5.753 -8.55 4.36 -4.15 -7.455 3.525 -2.973 4.466 -5.569 -3.348 -5.659 2.27 4.528 1.763 -9.076 4.994 -6.511 -5.635 -7.633 -1.298 0.213 -9.674 1.383 -3.723 -1.535 -7.621 -5.335 4.153 -3.491 -1.017 -3.265 0.814 262.558 -7.313 -8.441 -1.835 7.581 3.865 5.292 9.663 
-2.491 4.247 4.969 1.829 -4.301 1.023 9.88 -2.208 6.416 8.706 -7.568 3.599 0.613 8.139 1.327 2.707 3.704 -3.49 -8.802 5.641 5.126 6.821 0.747 8.016 0.17 7.297 4.414 3.337 1.976 7.382 -4.015 -3.442 -1.596 -7.314 3.428 6.699 -1.574 5.117 -1.743 -2.812 -4.233 -3.625 9.843 -8.829 225.447 -6.895 5.349 -4.333 4.171 0.216 9.34 
-2.891 -4.764 -6.356 2.747 -9.179 -8.988 7.631 1.853 3.736 6.721 1.865 2.959 9.042 7.805 3.954 1.733 8.953 -5.641 -5.586 -7.366 -6.647 -5.568 2.5 9.474 8.768 -6.186 -2.775 0.656 -2.1 7.102 7.143 8.571 -2.559 6.185 3.985 -9.519 2.422 -8.236 9.885 -5.685 -0.942 1.116 -4.356 6.916 -5.141 269.094 8.406 4.59 -5.282 -1.272 1.093 
4.766 5.442 -6.914 -2.402 -8.044 7.628 -8.106 -7.138 6.664 -1.23 8.921 2.518 8.052 1.262 8.967 -8.055 -2.537 2.243 2.7 -5.886 3.864 -0.116 4.113 -9.996 -2.887 -2.664 -9.153 7.311 9.822 -9.6 4.268 3.501 6.605 1.97 8.312 -7.247 -9.27 1.354 -8.622 -1.956 2.483 9.859 3.904 -0.635 1.015 -4.678 266.378 7.015 -8.012 -2.23 -7.545 
7.054 5.984 6.041 3.087 -2.014 0.464 -0.789 0.635 -1.758 -7.868 2.937 -8.84 7.82 -1.906 -3.169 0.833 -6.589 5.883 -9.172 -3.777 5.225 5.801 0.394 -6.368 -5.731 -2.634 3.947 4.661 9.441 0.302 -9.199 -6.262 2.485 3.144 -9.286 2.516 -9.32 3.217 1.959 3.317 2.061 -9.364 3.903 -0.771 -3.937 5.904 -7.857 227.443 -6.368 -4.187 9.55 
5.2 5.572 4.927 -8.115 -7.656 -3.584 -7.503 -2.119 -0.481 7.439 -9.932 -1.011 5.938 7.99 1.468 -8.689 -5.485 -7.312 -0.26 -3.561 -5.315 -5.035 1.561 -1.359 9.035 -2.995 0.509 1.15 -0.185 -5.92 7.045 0.112 -9.239 9.448 6.431 -0.445 -7.919 -7.604 -7.635 3.649 2.014 6.421 3.674 3.562 -2.907 7.175 4.229 5.363 242.615 0.523 2.054 
-0.931 -0.117 2.681 3.646 -9.167 9.027 -6.139 -6.313 9.642 1.587 4.043 0.396 0.902 -8.243 5.389 -7.248 -6.646 -7.991 3.615 7.856 -4.337 -6.863 -8.459 2.891 6.501 -0.49 1.04 4.614 9.063 8.172 8.907 -9.105 -9.06 -5.747 -3.803 9.257 -6.703 -2.879 7.709 -4.122 9.526 -8.167 8.538 5.206 2.852 -1.365 7.999 -4.916 -5.204 279.744 -2.255 
